1	92
1	125
1	131
1	160
1	168
1	230
1	244
1	253
1	256
1	265
1	273
1	290
1	295
1	303
1	326
1	333
1	405
1	414
1	419
1	422
1	425
1	435
1	446
1	458
1	463
1	478
1	504
1	532
1	537
1	599
1	622
1	662
1	671
1	680
1	693
1	711
1	725
1	752
1	777
1	783
2	5
2	115
2	150
2	180
2	199
2	229
2	252
2	274
2	423
2	459
2	620
2	690
2	734
3	28
3	53
3	78
3	188
3	213
3	224
3	337
3	446
3	495
3	580
3	635
3	667
3	674
3	776
4	168
4	306
4	309
4	370
4	374
4	455
4	509
4	533
4	607
4	673
5	2
5	16
5	39
5	68
5	115
5	150
5	176
5	180
5	199
5	223
5	229
5	243
5	282
5	287
5	301
5	314
5	331
5	423
5	426
5	430
5	446
5	459
5	522
5	548
5	583
5	585
5	655
5	664
5	690
5	734
5	778
6	36
6	43
6	112
6	121
6	127
6	135
6	142
6	155
6	158
6	162
6	198
6	200
6	209
6	227
6	236
6	398
6	402
6	420
6	427
6	456
6	544
6	574
6	586
6	594
6	749
6	796
7	21
7	212
7	297
7	302
7	441
7	448
7	455
7	590
7	634
8	33
8	83
8	85
8	94
8	121
8	134
8	225
8	226
8	437
8	526
8	564
8	567
8	581
8	638
8	700
8	701
8	720
8	758
8	776
8	790
9	17
9	28
9	56
9	77
9	78
9	87
9	97
9	159
9	180
9	183
9	188
9	211
9	213
9	224
9	273
9	284
9	299
9	317
9	325
9	337
9	341
9	397
9	406
9	446
9	495
9	508
9	561
9	580
9	597
9	627
9	636
9	646
9	661
9	667
9	674
9	698
9	770
9	776
10	86
10	128
10	157
10	263
10	304
10	325
10	399
10	401
10	424
10	584
10	626
10	668
10	716
10	789
11	20
11	82
11	105
11	109
11	165
11	191
11	223
11	286
11	299
11	364
11	376
11	386
11	442
11	469
11	493
11	504
11	506
11	585
11	621
11	659
11	707
11	725
11	732
12	133
12	179
12	310
12	327
12	393
12	468
12	479
12	571
12	602
12	619
12	622
12	637
12	663
12	715
12	753
12	769
12	771
12	773
12	781
12	799
13	55
13	196
13	323
13	506
13	524
13	611
13	612
14	188
14	213
14	495
14	580
14	667
14	674
14	776
15	78
15	213
15	224
15	325
15	470
15	495
15	580
15	667
15	674
15	776
16	5
16	115
16	229
16	331
16	459
16	596
16	690
16	734
17	9
17	28
17	78
17	177
17	188
17	213
17	224
17	337
17	446
17	495
17	580
17	609
17	674
17	776
18	207
18	352
18	510
18	566
18	583
18	601
18	684
18	745
19	105
19	246
19	364
19	469
19	487
19	563
19	732
20	11
20	105
20	109
20	191
20	201
20	218
20	223
20	254
20	273
20	299
20	370
20	376
20	408
20	442
20	469
20	487
20	493
20	500
20	621
20	644
20	659
20	732
21	7
21	184
21	187
21	265
21	297
21	441
21	448
21	634
22	55
22	203
22	449
22	506
22	611
22	612
22	675
22	760
23	109
23	299
23	364
23	387
23	442
23	493
23	659
23	732
24	47
24	75
24	117
24	130
24	138
24	202
24	237
24	245
24	338
24	385
24	441
24	446
24	447
24	518
24	519
24	540
24	613
24	672
24	681
24	710
24	727
24	750
24	767
24	790
24	799
25	61
25	174
25	193
25	237
25	256
25	340
25	346
25	452
25	500
25	531
26	149
26	163
26	266
26	269
26	276
26	433
26	547
26	578
26	649
26	776
27	66
27	119
27	156
27	185
27	258
27	281
27	375
27	450
27	489
27	503
27	504
27	539
27	656
27	749
28	3
28	9
28	17
28	32
28	77
28	78
28	97
28	113
28	183
28	188
28	211
28	213
28	224
28	284
28	317
28	325
28	337
28	341
28	352
28	356
28	384
28	406
28	445
28	446
28	464
28	481
28	495
28	561
28	580
28	597
28	621
28	627
28	667
28	673
28	674
28	698
28	709
28	721
28	776
29	72
29	76
29	140
29	194
29	289
29	387
29	410
29	430
29	554
29	608
29	714
29	792
30	44
30	115
30	213
30	222
30	228
30	249
30	250
30	408
30	423
30	454
30	458
30	574
31	132
31	264
31	370
31	490
31	542
31	563
31	666
31	731
31	743
32	28
32	101
32	115
32	196
32	226
32	246
32	247
32	253
32	285
32	351
32	355
32	506
32	515
32	524
32	525
32	527
32	536
32	547
32	557
32	577
32	611
32	614
32	616
32	633
32	636
32	645
32	665
32	688
32	746
32	772
32	786
32	795
33	8
33	94
33	121
33	129
33	152
33	255
33	293
33	526
33	572
33	683
33	700
33	718
33	720
33	754
33	758
34	70
34	84
34	102
34	137
34	154
34	164
34	170
34	226
34	312
34	330
34	374
34	380
34	406
34	429
34	431
34	436
34	509
34	521
34	683
34	774
34	779
34	798
35	60
35	76
35	251
35	391
35	410
35	608
35	775
36	6
36	39
36	43
36	60
36	112
36	135
36	142
36	155
36	162
36	169
36	200
36	209
36	398
36	402
36	427
36	456
36	594
36	786
37	148
37	352
37	510
37	583
37	595
37	601
37	628
37	653
37	684
37	761
38	212
38	297
38	444
38	448
38	590
38	764
38	784
39	5
39	36
39	45
39	52
39	53
39	115
39	150
39	180
39	199
39	215
39	229
39	252
39	278
39	282
39	287
39	301
39	314
39	331
39	381
39	423
39	459
39	511
39	522
39	548
39	585
39	612
39	664
39	690
39	734
39	758
39	778
39	788
40	131
40	193
40	219
40	256
40	452
40	499
40	500
40	661
40	742
41	109
41	143
41	222
41	228
41	249
41	329
41	359
41	458
41	486
41	562
41	602
41	670
42	55
42	157
42	177
42	424
42	626
42	668
42	716
42	745
42	747
43	6
43	36
43	112
43	135
43	155
43	158
43	162
43	190
43	198
43	199
43	209
43	227
43	236
43	398
43	402
43	420
43	427
43	458
43	594
43	726
44	30
44	77
44	143
44	222
44	228
44	249
44	408
44	458
45	39
45	180
45	282
45	423
45	444
45	459
45	690
46	99
46	197
46	210
46	307
46	708
46	719
46	723
46	738
46	771
46	800
47	24
47	54
47	105
47	125
47	126
47	148
47	153
47	182
47	207
47	311
47	316
47	336
47	352
47	378
47	410
47	460
47	491
47	494
47	507
47	510
47	523
47	551
47	583
47	592
47	595
47	601
47	618
47	635
47	642
47	648
47	653
47	684
47	722
47	792
48	283
48	288
48	300
48	368
48	378
48	467
48	560
48	591
48	641
48	787
49	114
49	149
49	310
49	336
49	390
49	409
49	433
49	530
49	578
49	596
49	649
50	123
50	147
50	349
50	552
50	564
50	603
50	689
51	80
51	93
51	94
51	132
51	264
51	274
51	403
51	432
51	490
51	563
51	576
51	652
51	675
51	694
51	731
51	744
52	39
52	314
52	331
52	381
52	423
52	427
52	436
52	459
52	690
52	734
53	3
53	39
53	55
53	63
53	89
53	268
53	306
53	372
53	407
53	452
53	505
53	506
53	545
53	611
53	612
53	639
53	675
53	686
53	701
53	755
53	759
53	766
53	797
54	47
54	104
54	220
54	271
54	332
54	539
54	565
55	13
55	22
55	42
55	53
55	111
55	166
55	196
55	203
55	241
55	268
55	272
55	296
55	372
55	407
55	449
55	452
55	505
55	506
55	511
55	545
55	586
55	611
55	612
55	639
55	663
55	675
55	679
55	686
55	701
55	728
55	740
55	755
55	759
55	766
55	768
55	797
56	9
56	114
56	131
56	215
56	306
56	370
56	528
56	533
56	607
56	673
56	734
57	280
57	323
57	595
57	620
57	696
57	699
57	724
58	213
58	224
58	337
58	446
58	580
58	674
58	776
59	71
59	80
59	132
59	218
59	233
59	264
59	563
59	743
59	744
60	35
60	36
60	112
60	162
60	198
60	209
60	466
61	25
61	64
61	101
61	174
61	231
61	248
61	279
61	340
61	346
61	452
61	453
61	466
61	499
61	500
61	655
61	661
61	662
61	704
61	724
61	742
62	68
62	256
62	340
62	346
62	452
62	499
62	500
62	655
62	713
63	53
63	79
63	111
63	196
63	241
63	268
63	407
63	487
63	505
63	506
63	519
63	545
63	611
63	612
63	675
63	686
63	701
63	743
63	755
63	759
64	61
64	174
64	193
64	231
64	340
64	452
64	685
64	704
64	776
65	136
65	161
65	217
65	226
65	268
65	275
65	280
65	323
65	343
65	457
65	588
65	610
65	620
65	630
65	666
65	696
65	724
65	757
66	27
66	124
66	160
66	281
66	305
66	375
66	400
66	450
66	483
66	489
66	503
66	656
66	675
66	725
66	730
66	741
67	108
67	124
67	141
67	147
67	169
67	259
67	283
67	300
67	303
67	354
67	366
67	368
67	383
67	391
67	412
67	439
67	443
67	465
67	467
67	494
67	589
67	591
67	604
67	677
67	739
68	5
68	62
68	115
68	190
68	229
68	314
68	684
68	690
68	734
69	86
69	222
69	249
69	408
69	454
69	458
69	670
69	720
69	757
70	34
70	84
70	137
70	164
70	306
70	312
70	350
70	361
70	377
70	429
70	501
70	547
70	553
70	667
71	59
71	132
71	273
71	315
71	542
71	652
71	712
72	29
72	76
72	234
72	294
72	301
72	387
72	410
72	428
72	430
72	554
72	608
72	714
73	136
73	161
73	217
73	275
73	323
73	353
73	417
73	610
73	620
73	666
73	676
73	696
73	724
74	99
74	235
74	319
74	325
74	440
74	511
74	708
74	751
74	800
75	24
75	307
75	637
75	663
75	712
75	771
75	781
76	29
76	35
76	72
76	194
76	234
76	251
76	277
76	349
76	387
76	410
76	428
76	430
76	446
76	451
76	497
76	508
76	517
76	545
76	554
76	570
76	608
76	697
76	714
76	775
77	9
77	28
77	44
77	78
77	213
77	224
77	240
77	325
77	337
77	406
77	446
77	495
77	580
77	593
77	667
77	674
77	776
78	3
78	9
78	15
78	17
78	28
78	77
78	87
78	97
78	143
78	159
78	175
78	183
78	188
78	211
78	213
78	224
78	249
78	259
78	284
78	308
78	317
78	325
78	337
78	341
78	346
78	349
78	356
78	406
78	432
78	446
78	495
78	561
78	580
78	597
78	627
78	657
78	667
78	673
78	674
78	698
78	721
78	733
78	761
78	776
79	63
79	86
79	89
79	95
79	123
79	146
79	147
79	259
79	286
79	291
79	344
79	348
79	349
79	367
79	421
79	426
79	472
79	477
79	484
79	520
79	534
79	543
79	544
79	552
79	603
79	605
79	625
79	665
79	678
79	689
79	706
79	749
79	758
79	762
80	51
80	59
80	90
80	132
80	274
80	404
80	432
80	542
80	599
80	731
80	743
80	744
81	183
81	196
81	505
81	612
81	675
81	691
81	768
82	11
82	86
82	105
82	109
82	199
82	223
82	273
82	299
82	364
82	442
82	469
82	493
82	535
82	552
82	659
82	732
83	8
83	94
83	114
83	121
83	152
83	225
83	226
83	290
83	394
83	526
83	567
83	600
83	623
83	638
83	660
83	699
83	758
83	780
84	34
84	70
84	102
84	164
84	170
84	189
84	253
84	258
84	312
84	377
84	429
85	8
85	94
85	121
85	134
85	152
85	202
85	226
85	246
85	293
85	308
85	462
85	526
85	567
85	611
85	617
85	638
85	651
85	736
85	754
85	758
85	780
86	10
86	69
86	79
86	82
86	113
86	128
86	144
86	157
86	177
86	269
86	304
86	399
86	401
86	424
86	481
86	626
86	668
86	679
86	685
86	716
86	717
86	745
86	747
86	760
86	789
87	9
87	78
87	188
87	213
87	224
87	337
87	446
87	495
87	546
87	580
87	582
87	674
88	186
88	224
88	307
88	327
88	602
88	753
88	771
88	781
89	53
89	79
89	95
89	123
89	291
89	349
89	552
89	584
89	625
89	678
90	80
90	143
90	228
90	249
90	363
90	422
90	458
90	574
90	670
91	113
91	169
91	189
91	192
91	206
91	208
91	221
91	230
91	299
91	349
91	361
91	389
91	394
91	411
91	416
91	417
91	437
91	476
91	492
91	549
91	569
91	575
91	629
91	668
91	676
91	692
91	709
91	731
91	737
91	749
91	754
91	756
92	1
92	163
92	276
92	336
92	409
92	474
92	578
92	667
93	51
93	131
93	132
93	264
93	490
93	707
93	743
93	744
94	8
94	33
94	51
94	83
94	85
94	121
94	134
94	152
94	160
94	186
94	225
94	226
94	293
94	322
94	419
94	526
94	544
94	549
94	564
94	572
94	581
94	600
94	617
94	638
94	683
94	693
94	700
94	720
94	780
95	79
95	89
95	123
95	147
95	197
95	204
95	286
95	291
95	344
95	348
95	349
95	367
95	421
95	426
95	444
95	453
95	458
95	477
95	520
95	534
95	542
95	543
95	544
95	552
95	582
95	603
95	605
95	619
95	625
95	678
95	689
95	706
95	719
95	745
95	762
95	773
96	327
96	352
96	460
96	494
96	583
96	601
96	690
96	792
97	9
97	28
97	78
97	114
97	213
97	224
97	325
97	337
97	406
97	446
97	495
97	580
97	667
97	674
97	723
97	745
97	776
98	163
98	166
98	269
98	336
98	347
98	473
98	474
98	555
98	578
98	611
98	649
99	46
99	74
99	107
99	197
99	210
99	216
99	235
99	270
99	296
99	319
99	328
99	365
99	378
99	434
99	440
99	566
99	580
99	691
99	708
99	719
99	734
99	738
99	751
99	776
99	800
100	105
100	110
100	162
100	299
100	364
100	376
100	732
101	32
101	61
101	179
101	253
101	285
101	355
101	515
101	577
101	614
101	633
101	636
101	652
101	665
101	733
101	786
102	34
102	84
102	154
102	164
102	170
102	312
102	431
102	547
102	553
102	649
102	701
102	722
102	779
102	798
103	105
103	165
103	220
103	223
103	254
103	364
103	376
103	442
103	469
103	674
103	732
103	786
104	54
104	116
104	161
104	220
104	233
104	271
104	332
104	461
104	473
104	484
104	516
104	539
104	546
104	558
104	565
104	574
104	607
104	632
104	644
104	674
104	765
104	794
105	11
105	19
105	20
105	47
105	82
105	100
105	103
105	109
105	140
105	165
105	191
105	218
105	223
105	254
105	262
105	273
105	299
105	360
105	364
105	376
105	386
105	419
105	420
105	442
105	469
105	471
105	487
105	493
105	528
105	535
105	560
105	659
105	690
105	727
105	732
105	748
105	781
106	148
106	352
106	378
106	510
106	530
106	572
106	583
106	601
106	642
106	653
106	684
106	776
106	792
107	99
107	235
107	365
107	708
107	719
107	751
107	782
108	67
108	141
108	205
108	283
108	368
108	383
108	465
108	509
108	615
108	641
108	647
108	766
109	11
109	20
109	23
109	41
109	82
109	105
109	140
109	165
109	191
109	201
109	213
109	218
109	223
109	254
109	262
109	273
109	299
109	344
109	360
109	361
109	362
109	364
109	376
109	386
109	434
109	442
109	469
109	471
109	487
109	493
109	517
109	535
109	560
109	578
109	621
109	630
109	659
109	674
109	707
109	732
109	748
110	100
110	505
110	506
110	511
110	611
110	612
110	675
111	55
111	63
111	179
111	205
111	268
111	611
111	612
111	686
112	6
112	36
112	43
112	60
112	127
112	135
112	142
112	157
112	162
112	166
112	200
112	209
112	211
112	227
112	427
113	28
113	86
113	91
113	144
113	424
113	626
113	745
113	747
113	789
114	49
114	56
114	83
114	97
114	209
114	215
114	260
114	306
114	309
114	316
114	370
114	455
114	476
114	509
114	528
114	559
114	593
114	607
114	673
114	761
114	782
115	2
115	5
115	16
115	30
115	32
115	39
115	68
115	150
115	151
115	178
115	180
115	199
115	229
115	243
115	252
115	278
115	282
115	301
115	314
115	331
115	381
115	423
115	459
115	470
115	548
115	571
115	614
115	664
115	690
115	734
115	778
115	786
115	788
116	104
116	271
116	332
116	438
116	539
116	555
116	565
116	588
117	24
117	130
117	172
117	202
117	232
117	237
117	245
117	306
117	338
117	447
117	638
117	653
117	672
117	681
117	727
117	790
118	316
118	408
118	575
118	676
118	709
118	737
118	754
119	27
119	272
119	305
119	375
119	400
119	450
119	483
119	489
119	503
119	730
119	764
120	123
120	181
120	280
120	323
120	396
120	588
120	620
120	656
120	724
121	6
121	8
121	33
121	83
121	85
121	94
121	152
121	204
121	226
121	293
121	308
121	325
121	475
121	526
121	567
121	572
121	574
121	600
121	638
121	700
121	705
121	720
121	758
121	780
122	233
122	379
122	438
122	484
122	502
122	546
122	644
122	783
123	50
123	79
123	89
123	95
123	120
123	128
123	146
123	147
123	161
123	204
123	226
123	228
123	286
123	291
123	344
123	348
123	349
123	367
123	421
123	426
123	442
123	444
123	453
123	472
123	477
123	480
123	520
123	534
123	539
123	543
123	544
123	545
123	552
123	576
123	582
123	603
123	605
123	625
123	678
123	689
123	706
123	710
123	762
124	66
124	67
124	141
124	168
124	205
124	259
124	288
124	295
124	303
124	313
124	354
124	368
124	373
124	383
124	415
124	439
124	465
124	485
124	591
124	625
124	713
124	739
124	787
125	1
125	47
125	131
125	160
125	248
125	290
125	326
125	422
125	478
125	504
125	622
125	662
125	671
125	711
125	764
126	47
126	148
126	197
126	248
126	352
126	494
126	583
126	601
126	653
126	684
127	6
127	112
127	158
127	200
127	209
127	227
127	453
127	594
127	633
128	10
128	86
128	123
128	144
128	214
128	295
128	304
128	424
128	481
128	626
128	716
128	745
128	789
129	33
129	217
129	233
129	280
129	323
129	396
129	562
129	724
130	24
130	117
130	138
130	172
130	202
130	232
130	237
130	245
130	266
130	338
130	374
130	441
130	518
130	519
130	540
130	613
130	672
130	673
130	676
130	681
130	710
130	720
130	727
130	767
130	790
131	1
131	40
131	56
131	93
131	125
131	135
131	160
131	168
131	240
131	290
131	295
131	303
131	326
131	333
131	376
131	405
131	419
131	422
131	425
131	435
131	475
131	478
131	498
131	504
131	532
131	537
131	550
131	583
131	599
131	622
131	662
131	671
131	680
131	693
131	711
131	725
131	728
131	752
131	777
131	783
132	31
132	51
132	59
132	71
132	80
132	93
132	213
132	242
132	315
132	400
132	404
132	432
132	482
132	490
132	546
132	563
132	593
132	652
132	694
132	726
132	743
133	12
133	179
133	241
133	327
133	355
133	464
133	468
133	771
134	8
134	85
134	94
134	191
134	219
134	226
134	247
134	293
134	321
134	462
134	492
134	526
134	572
134	683
134	699
134	700
134	705
134	720
134	758
135	6
135	36
135	43
135	112
135	131
135	155
135	162
135	227
135	420
135	456
135	550
135	594
135	687
136	65
136	73
136	161
136	217
136	275
136	280
136	323
136	343
136	457
136	495
136	588
136	605
136	620
136	666
136	724
136	793
137	34
137	70
137	164
137	357
137	380
137	429
137	436
137	521
137	553
138	24
138	130
138	172
138	189
138	237
138	245
138	306
138	385
138	518
138	613
138	681
138	727
138	750
138	790
139	153
139	352
139	378
139	392
139	494
139	583
139	601
139	649
139	684
140	29
140	105
140	109
140	364
140	442
140	469
140	621
140	659
140	664
140	732
141	67
141	108
141	124
141	205
141	287
141	368
141	383
141	754
142	6
142	36
142	112
142	155
142	158
142	402
142	594
142	678
143	41
143	44
143	78
143	90
143	195
143	222
143	228
143	249
143	250
143	326
143	359
143	364
143	369
143	458
143	757
144	86
144	113
144	128
144	177
144	268
144	505
144	626
144	668
144	716
144	717
144	747
144	794
145	195
145	222
145	228
145	249
145	408
145	458
145	574
145	622
146	79
146	123
146	349
146	409
146	427
146	552
146	603
146	625
147	50
147	67
147	79
147	95
147	123
147	204
147	213
147	286
147	291
147	309
147	348
147	349
147	375
147	426
147	477
147	480
147	520
147	544
147	552
147	576
147	603
147	605
147	625
147	649
147	678
147	689
147	706
147	758
148	37
148	47
148	106
148	126
148	153
148	259
148	311
148	339
148	352
148	361
148	378
148	394
148	491
148	494
148	510
148	523
148	551
148	583
148	621
148	648
148	653
148	658
148	684
148	695
148	722
148	763
149	26
149	49
149	163
149	166
149	263
149	276
149	310
149	336
149	347
149	350
149	409
149	417
149	433
149	477
149	502
149	529
149	531
149	555
149	596
149	598
149	606
149	649
149	687
149	690
149	736
149	755
149	785
150	2
150	5
150	39
150	115
150	152
150	180
150	190
150	199
150	229
150	243
150	278
150	314
150	423
150	459
150	507
150	548
150	686
150	690
150	734
150	778
150	786
151	115
151	215
151	306
151	309
151	325
151	370
151	509
151	593
151	607
151	608
151	673
151	691
151	761
152	33
152	83
152	85
152	94
152	121
152	150
152	186
152	226
152	293
152	308
152	504
152	623
152	633
152	720
152	758
152	780
153	47
153	139
153	148
153	272
153	311
153	352
153	458
153	601
153	653
153	695
154	34
154	102
154	164
154	350
154	429
154	501
154	547
154	659
154	716
155	6
155	36
155	43
155	135
155	142
155	158
155	162
155	227
155	376
155	402
155	420
155	472
155	534
155	586
156	27
156	168
156	375
156	400
156	450
156	489
156	503
156	656
157	10
157	42
157	86
157	112
157	206
157	481
157	626
157	668
157	747
158	6
158	43
158	127
158	142
158	155
158	198
158	209
158	236
158	427
158	572
158	594
158	690
159	9
159	78
159	224
159	337
159	446
159	495
159	512
159	580
159	667
159	776
160	1
160	66
160	94
160	125
160	131
160	168
160	290
160	295
160	311
160	326
160	352
160	414
160	419
160	425
160	478
160	504
160	612
160	622
160	662
160	671
160	693
160	711
160	725
161	65
161	73
161	104
161	123
161	136
161	212
161	280
161	588
161	620
161	666
161	724
162	6
162	36
162	43
162	60
162	100
162	112
162	135
162	155
162	200
162	398
162	420
162	456
162	580
162	581
162	586
162	594
163	26
163	92
163	98
163	149
163	166
163	178
163	263
163	266
163	269
163	276
163	310
163	336
163	347
163	390
163	409
163	411
163	416
163	433
163	459
163	474
163	488
163	510
163	529
163	555
163	578
163	580
163	596
163	598
163	606
163	649
163	687
163	732
163	736
163	785
164	34
164	70
164	84
164	102
164	137
164	154
164	165
164	170
164	223
164	264
164	312
164	330
164	350
164	377
164	380
164	429
164	431
164	436
164	501
164	521
164	547
164	553
164	699
164	742
164	774
164	779
164	798
165	11
165	103
165	105
165	109
165	164
165	223
165	364
165	386
165	442
165	469
165	487
165	493
165	495
165	614
165	732
166	55
166	98
166	112
166	149
166	163
166	321
166	336
166	409
166	411
166	474
166	555
167	307
167	438
167	468
167	571
167	674
167	771
167	781
168	1
168	4
168	124
168	131
168	156
168	160
168	205
168	240
168	265
168	290
168	295
168	326
168	333
168	335
168	405
168	414
168	419
168	425
168	435
168	454
168	463
168	478
168	498
168	504
168	532
168	537
168	550
168	622
168	651
168	662
168	671
168	684
168	693
168	711
168	725
168	728
168	737
168	752
168	783
169	36
169	67
169	91
169	189
169	206
169	208
169	230
169	331
169	361
169	394
169	437
169	549
169	575
169	629
169	676
169	709
169	737
169	747
169	749
169	754
170	34
170	84
170	102
170	164
170	271
170	312
170	337
170	350
170	429
170	436
170	547
170	674
170	774
171	246
171	253
171	355
171	611
171	633
171	636
171	786
172	117
172	130
172	138
172	232
172	237
172	245
172	374
172	503
172	540
172	613
172	617
172	643
172	672
172	681
172	710
172	750
173	292
173	306
173	370
173	540
173	593
173	607
173	673
174	25
174	61
174	64
174	231
174	256
174	279
174	419
174	452
174	499
174	603
174	661
175	78
175	213
175	224
175	325
175	337
175	446
175	580
175	674
176	5
176	180
176	229
176	423
176	459
176	474
176	690
176	734
177	17
177	42
177	86
177	144
177	182
177	214
177	424
177	481
177	495
177	626
177	668
177	685
177	716
177	717
177	745
177	798
178	115
178	163
178	229
178	423
178	459
178	690
178	734
179	12
179	101
179	111
179	133
179	324
179	468
179	771
179	773
179	781
180	2
180	5
180	9
180	39
180	45
180	115
180	150
180	176
180	199
180	229
180	243
180	282
180	314
180	423
180	459
180	465
180	494
180	548
180	650
180	690
180	709
180	734
181	120
181	217
181	280
181	323
181	358
181	588
181	620
181	724
181	773
182	47
182	177
182	191
182	352
182	510
182	583
182	595
182	635
182	653
182	684
182	692
182	695
183	9
183	28
183	78
183	81
183	213
183	325
183	337
183	446
183	495
183	580
183	591
183	592
183	667
183	674
183	776
184	21
184	187
184	212
184	294
184	297
184	441
184	448
184	501
184	512
184	548
184	584
184	590
184	593
184	624
184	634
184	674
184	682
184	715
184	735
184	764
184	770
184	791
185	27
185	375
185	450
185	459
185	483
185	489
185	730
186	88
186	94
186	152
186	232
186	255
186	293
186	492
186	526
186	720
186	758
187	21
187	184
187	297
187	448
187	590
187	618
187	634
187	693
187	764
188	3
188	9
188	14
188	17
188	28
188	78
188	87
188	199
188	211
188	213
188	224
188	228
188	284
188	325
188	330
188	337
188	406
188	428
188	446
188	495
188	543
188	561
188	580
188	627
188	667
188	674
188	727
188	761
188	776
189	84
189	91
189	138
189	169
189	206
189	208
189	221
189	230
189	314
189	361
189	387
189	394
189	437
189	549
189	569
189	575
189	629
189	643
189	650
189	668
189	676
189	709
189	737
189	749
189	754
189	756
189	796
190	43
190	68
190	150
190	229
190	301
190	423
190	734
191	11
191	20
191	105
191	109
191	134
191	182
191	223
191	262
191	273
191	299
191	364
191	376
191	386
191	398
191	442
191	469
191	493
191	535
191	618
191	659
191	732
191	748
192	91
192	206
192	230
192	394
192	575
192	676
192	704
193	25
193	40
193	64
193	219
193	338
193	346
193	452
193	607
193	655
193	742
194	29
194	76
194	222
194	289
194	387
194	428
194	554
194	697
194	775
195	143
195	145
195	249
195	329
195	406
195	454
195	458
195	732
195	757
196	13
196	32
196	55
196	63
196	81
196	264
196	268
196	293
196	403
196	407
196	449
196	506
196	511
196	545
196	587
196	611
196	612
196	633
196	639
196	675
196	686
196	701
196	724
196	755
196	759
196	797
197	46
197	95
197	99
197	126
197	235
197	267
197	270
197	520
197	708
197	719
197	738
198	6
198	43
198	60
198	158
198	200
198	209
198	236
198	594
198	784
199	2
199	5
199	39
199	43
199	82
199	115
199	150
199	180
199	188
199	252
199	312
199	331
199	423
199	459
199	470
199	522
199	690
199	734
200	6
200	36
200	112
200	127
200	162
200	198
200	398
200	456
200	489
200	594
200	601
201	20
201	109
201	223
201	299
201	327
201	362
201	364
201	376
201	442
201	471
201	659
201	732
201	784
202	24
202	85
202	117
202	130
202	232
202	237
202	245
202	601
202	672
202	681
203	22
203	55
203	299
203	345
203	407
203	506
203	611
203	612
203	675
203	686
203	701
203	766
203	768
204	95
204	121
204	123
204	147
204	291
204	552
204	689
205	108
205	111
205	124
205	141
205	168
205	215
205	222
205	244
205	288
205	298
205	300
205	303
205	313
205	320
205	354
205	368
205	373
205	391
205	443
205	465
205	467
205	485
205	511
205	530
205	589
205	591
205	615
205	641
205	647
205	667
205	787
206	91
206	157
206	169
206	189
206	192
206	208
206	230
206	394
206	437
206	468
206	549
206	651
206	709
206	749
206	754
206	756
207	18
207	47
207	280
207	311
207	367
207	378
207	583
207	653
207	684
208	91
208	169
208	189
208	206
208	230
208	268
208	361
208	382
208	389
208	394
208	437
208	570
208	575
208	676
208	700
208	709
208	737
208	749
208	754
208	789
209	6
209	36
209	43
209	60
209	112
209	114
209	127
209	158
209	198
209	224
209	236
209	398
209	427
209	586
209	779
210	46
210	99
210	217
210	235
210	440
210	461
210	708
210	729
210	738
210	751
210	800
211	9
211	28
211	78
211	112
211	188
211	213
211	224
211	229
211	325
211	337
211	406
211	446
211	467
211	495
211	580
211	667
211	674
211	698
211	776
212	7
212	38
212	161
212	184
212	294
212	448
212	584
212	590
212	624
212	634
212	668
212	682
212	715
212	764
212	791
212	792
213	3
213	9
213	14
213	15
213	17
213	28
213	30
213	58
213	77
213	78
213	87
213	97
213	109
213	132
213	147
213	175
213	183
213	188
213	211
213	224
213	306
213	317
213	325
213	336
213	337
213	341
213	371
213	384
213	397
213	406
213	446
213	495
213	505
213	508
213	561
213	573
213	575
213	580
213	627
213	654
213	657
213	667
213	674
213	698
213	721
213	735
213	740
213	776
214	128
214	177
214	399
214	424
214	451
214	528
214	626
214	668
214	716
215	39
215	56
215	114
215	151
215	205
215	221
215	230
215	260
215	292
215	306
215	309
215	316
215	318
215	339
215	342
215	355
215	370
215	377
215	392
215	395
215	412
215	445
215	455
215	509
215	528
215	533
215	559
215	579
215	593
215	607
215	609
215	631
215	667
215	673
215	691
215	761
215	784
215	789
216	99
216	235
216	297
216	319
216	624
216	719
216	738
216	751
216	800
217	65
217	73
217	129
217	136
217	181
217	210
217	280
217	343
217	394
217	588
217	620
217	724
218	20
218	59
218	105
218	109
218	299
218	442
218	469
218	493
218	542
218	659
218	711
218	732
219	40
219	134
219	193
219	256
219	452
219	655
219	661
220	54
220	103
220	104
220	257
220	271
220	332
220	438
220	473
220	546
220	644
220	681
221	91
221	189
221	215
221	394
221	417
221	437
221	443
221	457
221	538
221	549
221	629
221	636
221	676
221	709
221	737
221	749
221	754
222	30
222	41
222	44
222	69
222	143
222	145
222	194
222	205
222	228
222	329
222	359
222	363
222	369
222	408
222	422
222	458
222	750
223	5
223	11
223	20
223	82
223	103
223	105
223	109
223	164
223	165
223	191
223	201
223	241
223	257
223	273
223	299
223	350
223	360
223	364
223	376
223	394
223	413
223	442
223	469
223	471
223	493
223	535
223	588
223	621
223	659
223	662
223	732
223	748
224	3
224	9
224	15
224	17
224	28
224	58
224	77
224	78
224	87
224	88
224	97
224	159
224	175
224	188
224	209
224	211
224	213
224	229
224	245
224	271
224	284
224	293
224	317
224	325
224	337
224	341
224	356
224	384
224	397
224	406
224	446
224	485
224	495
224	503
224	508
224	561
224	573
224	580
224	597
224	627
224	629
224	654
224	657
224	667
224	674
224	698
224	721
224	762
224	774
224	776
225	8
225	83
225	94
225	226
225	255
225	293
225	449
225	526
225	567
225	591
225	600
225	638
225	647
225	700
225	720
225	758
225	780
226	8
226	32
226	34
226	65
226	83
226	85
226	94
226	121
226	123
226	134
226	152
226	225
226	228
226	273
226	293
226	308
226	322
226	462
226	492
226	526
226	600
226	623
226	651
226	660
226	699
226	700
226	705
226	720
226	758
226	780
227	6
227	43
227	112
227	127
227	135
227	155
227	291
227	398
227	424
227	428
227	594
228	30
228	41
228	44
228	90
228	123
228	143
228	145
228	188
228	222
228	226
228	249
228	250
228	329
228	359
228	363
228	408
228	458
228	486
228	558
228	574
228	670
228	757
229	2
229	5
229	16
229	39
229	68
229	115
229	150
229	176
229	178
229	180
229	190
229	211
229	224
229	243
229	252
229	278
229	282
229	301
229	329
229	331
229	381
229	423
229	425
229	447
229	459
229	478
229	522
229	548
229	585
229	623
229	664
229	690
229	734
229	778
229	788
230	1
230	91
230	169
230	189
230	192
230	206
230	208
230	215
230	361
230	382
230	389
230	394
230	416
230	437
230	490
230	549
230	554
230	575
230	608
230	629
230	650
230	709
230	737
230	742
230	749
230	754
230	756
230	796
231	61
231	64
231	174
231	256
231	346
231	452
231	499
231	548
231	656
232	117
232	130
232	172
232	186
232	202
232	245
232	323
232	341
232	672
232	681
232	767
232	790
233	59
233	104
233	122
233	129
233	271
233	332
233	379
233	438
233	482
233	484
233	565
234	72
234	76
234	251
234	387
234	423
234	428
234	430
234	608
234	681
235	74
235	99
235	107
235	197
235	210
235	216
235	267
235	270
235	296
235	319
235	330
235	382
235	434
235	440
235	458
235	626
235	708
235	719
235	723
235	729
235	738
235	751
235	776
235	800
236	6
236	43
236	158
236	198
236	209
236	343
236	427
236	456
236	555
237	24
237	25
237	117
237	130
237	138
237	172
237	202
237	238
237	245
237	259
237	290
237	338
237	374
237	385
237	447
237	660
237	672
237	681
237	710
237	727
237	790
238	237
238	245
238	281
238	414
238	447
238	672
238	710
239	256
239	299
239	340
239	452
239	472
239	500
239	742
240	77
240	131
240	168
240	335
240	478
240	504
240	622
240	725
240	752
241	55
241	63
241	133
241	223
241	268
241	611
241	612
241	675
241	686
241	701
241	740
242	132
242	372
242	404
242	432
242	490
242	712
242	726
242	743
243	5
243	115
243	150
243	180
243	229
243	290
243	301
243	459
243	611
243	690
243	734
244	1
244	205
244	290
244	333
244	419
244	478
244	504
244	599
244	622
244	688
244	725
245	24
245	117
245	130
245	138
245	172
245	202
245	224
245	232
245	237
245	238
245	338
245	374
245	379
245	385
245	429
245	447
245	518
245	519
245	540
245	545
245	672
245	681
245	709
245	710
245	727
245	750
245	790
246	19
246	32
246	85
246	171
246	253
246	355
246	449
246	515
246	616
246	633
246	636
246	665
246	688
246	786
247	32
247	134
247	298
247	355
247	475
247	527
247	541
247	596
247	633
247	636
247	665
247	733
247	786
248	61
248	125
248	126
248	346
248	452
248	466
248	500
248	661
249	30
249	41
249	44
249	69
249	78
249	90
249	143
249	145
249	195
249	228
249	313
249	329
249	336
249	363
249	369
249	408
249	454
249	458
249	574
249	670
249	800
250	30
250	143
250	228
250	458
250	574
250	601
250	700
250	757
251	35
251	76
251	234
251	289
251	387
251	400
251	428
252	2
252	39
252	115
252	199
252	229
252	411
252	423
252	459
252	690
252	720
253	1
253	32
253	84
253	101
253	171
253	246
253	285
253	355
253	388
253	493
253	524
253	541
253	614
253	629
253	633
253	636
253	746
253	772
254	20
254	103
254	105
254	109
254	364
254	376
254	499
254	732
255	33
255	186
255	225
255	526
255	653
255	720
255	758
255	771
256	1
256	25
256	40
256	62
256	174
256	219
256	231
256	239
256	279
256	340
256	452
256	499
256	544
257	220
257	223
257	273
257	442
257	493
257	659
257	732
258	27
258	84
258	335
258	375
258	450
258	489
258	503
258	619
259	67
259	78
259	79
259	124
259	148
259	237
259	288
259	300
259	320
259	354
259	368
259	373
259	383
259	439
259	467
259	530
259	591
259	604
259	615
259	641
259	689
259	739
259	793
260	114
260	215
260	306
260	366
260	370
260	399
260	455
260	510
260	607
260	673
260	761
261	297
261	302
261	441
261	448
261	512
261	590
261	624
261	653
261	770
261	786
261	791
262	105
262	109
262	191
262	273
262	299
262	364
262	376
262	407
262	442
262	469
262	604
262	630
262	659
262	732
262	775
263	10
263	149
263	163
263	276
263	336
263	409
263	474
263	488
263	510
263	555
263	578
263	649
264	31
264	51
264	59
264	93
264	164
264	196
264	315
264	357
264	694
265	1
265	21
265	168
265	290
265	442
265	478
265	504
265	725
266	26
266	130
266	163
266	279
266	409
266	502
266	593
267	197
267	235
267	296
267	665
267	719
267	723
267	729
267	751
268	53
268	55
268	63
268	65
268	111
268	144
268	196
268	208
268	241
268	372
268	403
268	437
268	449
268	506
268	511
268	545
268	556
268	580
268	611
268	612
268	639
268	675
268	679
268	686
268	701
268	702
268	740
268	755
268	759
268	768
268	797
269	26
269	86
269	98
269	163
269	310
269	321
269	336
269	347
269	409
269	502
269	578
269	613
269	629
269	649
270	99
270	197
270	235
270	702
270	708
270	719
270	800
271	54
271	104
271	116
271	170
271	220
271	224
271	233
271	332
271	379
271	414
271	432
271	461
271	473
271	484
271	516
271	525
271	539
271	546
271	558
271	565
271	644
271	765
272	55
272	119
272	153
272	506
272	545
272	611
272	612
272	675
272	686
273	1
273	9
273	20
273	71
273	82
273	105
273	109
273	191
273	223
273	226
273	257
273	262
273	299
273	364
273	376
273	442
273	469
273	471
273	498
273	621
273	659
273	732
274	2
274	51
274	80
274	315
274	432
274	490
274	514
274	542
274	712
274	731
275	65
275	73
275	136
275	280
275	317
275	323
275	358
275	562
275	588
275	666
275	680
275	724
276	26
276	92
276	149
276	163
276	263
276	278
276	336
276	347
276	409
276	529
276	531
276	578
276	582
276	596
276	649
276	687
276	748
276	758
276	785
277	76
277	387
277	410
277	428
277	497
277	509
277	608
278	39
278	115
278	150
278	229
278	276
278	280
278	282
278	301
278	331
278	423
278	459
278	600
278	690
278	734
278	778
279	61
279	174
279	256
279	266
279	452
279	500
279	502
280	57
280	65
280	120
280	129
280	136
280	161
280	181
280	207
280	217
280	275
280	278
280	323
280	343
280	358
280	396
280	457
280	526
280	559
280	562
280	588
280	610
280	620
280	628
280	666
280	675
280	696
280	724
281	27
281	66
281	238
281	375
281	400
281	483
281	489
281	656
282	5
282	39
282	45
282	115
282	180
282	229
282	278
282	287
282	296
282	301
282	306
282	331
282	337
282	381
282	423
282	448
282	459
282	548
282	664
282	690
282	734
282	776
282	778
282	788
283	48
283	67
283	108
283	354
283	368
283	443
283	591
283	612
283	673
283	677
284	9
284	28
284	78
284	188
284	224
284	337
284	385
284	446
284	495
284	580
284	667
284	674
285	32
285	101
285	253
285	355
285	633
285	636
285	740
285	786
286	11
286	79
286	95
286	123
286	147
286	317
286	477
286	534
287	5
287	39
287	141
287	282
287	331
287	459
287	690
287	734
287	774
288	48
288	124
288	205
288	259
288	368
288	370
288	391
288	415
288	467
288	505
288	530
288	589
289	29
289	194
289	251
289	410
289	428
289	430
289	518
289	608
289	686
289	697
289	714
290	1
290	83
290	125
290	131
290	160
290	168
290	237
290	243
290	244
290	265
290	295
290	338
290	368
290	405
290	419
290	452
290	463
290	478
290	498
290	504
290	537
290	550
290	622
290	646
290	662
290	671
290	680
290	693
290	725
290	728
290	752
290	768
291	79
291	89
291	95
291	123
291	147
291	204
291	227
291	348
291	349
291	367
291	421
291	426
291	444
291	534
291	543
291	544
291	549
291	552
291	582
291	595
291	625
291	678
291	732
292	173
292	215
292	306
292	309
292	317
292	324
292	370
292	455
292	593
292	607
292	673
292	784
293	33
293	85
293	94
293	121
293	134
293	152
293	186
293	196
293	224
293	225
293	226
293	322
293	462
293	492
293	500
293	526
293	527
293	564
293	572
293	581
293	617
293	623
293	638
293	651
293	660
293	683
293	692
293	699
293	700
293	720
293	758
293	780
293	790
294	72
294	184
294	212
294	302
294	441
294	448
294	512
294	584
294	590
294	624
294	713
295	1
295	124
295	128
295	131
295	160
295	168
295	290
295	326
295	405
295	422
295	425
295	463
295	478
295	504
295	506
295	532
295	550
295	589
295	599
295	622
295	646
295	662
295	680
295	693
295	711
295	725
295	767
296	55
296	99
296	235
296	267
296	282
296	319
296	708
296	719
297	7
297	21
297	38
297	184
297	187
297	216
297	261
297	302
297	333
297	448
297	467
297	481
297	496
297	499
297	512
297	584
297	590
297	610
297	624
297	634
297	682
297	715
297	735
297	764
297	770
297	791
298	205
298	247
298	368
298	391
298	439
298	485
298	659
298	677
299	9
299	11
299	20
299	23
299	82
299	91
299	100
299	105
299	109
299	191
299	201
299	203
299	218
299	223
299	239
299	262
299	273
299	329
299	364
299	376
299	386
299	413
299	442
299	469
299	493
299	621
299	630
299	659
299	708
299	732
299	748
299	784
300	48
300	67
300	205
300	259
300	322
300	354
300	368
300	383
300	443
300	530
300	580
301	5
301	39
301	72
301	115
301	190
301	229
301	243
301	278
301	282
301	357
301	391
301	423
301	459
301	473
301	548
301	664
301	690
301	734
301	778
302	7
302	261
302	294
302	297
302	634
302	715
302	764
302	788
302	791
303	1
303	67
303	124
303	131
303	205
303	368
303	383
303	415
303	465
303	467
304	10
304	86
304	128
304	407
304	474
304	481
304	626
304	668
304	760
304	789
305	66
305	119
305	375
305	450
305	483
305	489
305	727
306	4
306	53
306	56
306	70
306	114
306	117
306	138
306	151
306	173
306	213
306	215
306	260
306	282
306	292
306	309
306	316
306	318
306	337
306	339
306	342
306	366
306	370
306	392
306	395
306	412
306	418
306	423
306	445
306	455
306	509
306	513
306	528
306	533
306	552
306	559
306	579
306	593
306	607
306	631
306	640
306	653
306	669
306	673
306	691
306	761
306	784
307	46
307	75
307	88
307	167
307	324
307	327
307	353
307	439
307	468
307	571
307	626
307	771
307	781
307	799
308	78
308	85
308	121
308	152
308	226
308	526
308	627
308	660
308	699
308	700
308	758
309	4
309	114
309	147
309	151
309	215
309	292
309	306
309	316
309	339
309	366
309	368
309	370
309	392
309	445
309	455
309	509
309	513
309	528
309	533
309	575
309	583
309	593
309	607
309	611
309	673
309	691
309	761
309	784
309	794
310	12
310	49
310	149
310	163
310	269
310	321
310	578
310	649
310	716
311	47
311	148
311	153
311	160
311	207
311	352
311	378
311	507
311	510
311	514
311	568
311	583
311	595
311	601
311	635
311	642
311	648
311	653
311	684
311	708
311	722
311	743
311	763
311	781
312	34
312	70
312	84
312	102
312	164
312	170
312	199
312	330
312	350
312	377
312	380
312	429
312	431
312	501
312	526
312	547
312	774
312	779
313	124
313	205
313	249
313	368
313	383
313	391
313	439
313	443
313	467
313	485
313	551
314	5
314	39
314	52
314	68
314	115
314	150
314	180
314	189
314	354
314	690
314	701
314	734
315	71
315	132
315	264
315	274
315	418
315	432
315	482
316	47
316	114
316	118
316	215
316	306
316	309
316	339
316	370
316	445
316	455
316	593
316	607
316	673
316	732
316	761
316	784
317	9
317	28
317	78
317	213
317	224
317	275
317	286
317	292
317	325
317	337
317	446
317	495
317	580
317	667
317	674
318	215
318	306
318	455
318	593
318	607
318	673
318	761
318	797
319	74
319	99
319	216
319	235
319	296
319	328
319	365
319	370
319	440
319	513
319	708
319	719
319	738
319	751
320	205
320	259
320	391
320	439
320	465
320	467
320	677
320	689
320	698
321	134
321	166
321	269
321	310
321	336
321	529
321	754
322	94
322	226
322	293
322	300
322	532
322	720
322	758
323	13
323	57
323	65
323	73
323	120
323	129
323	136
323	181
323	232
323	275
323	280
323	337
323	343
323	396
323	457
323	482
323	562
323	588
323	620
323	666
323	724
324	179
324	292
324	307
324	327
324	353
324	393
324	464
324	468
324	583
324	769
324	771
324	773
325	9
325	10
325	15
325	28
325	74
325	77
325	78
325	97
325	121
325	151
325	175
325	183
325	188
325	211
325	213
325	224
325	317
325	337
325	341
325	406
325	446
325	462
325	495
325	580
325	627
325	667
325	674
325	698
325	776
326	1
326	125
326	131
326	143
326	160
326	168
326	295
326	333
326	368
326	405
326	425
326	454
326	478
326	504
326	622
326	725
327	12
327	88
327	96
327	133
327	201
327	307
327	324
327	353
327	393
327	495
327	602
327	771
328	99
328	319
328	459
328	566
328	626
328	708
328	719
328	723
328	751
329	41
329	195
329	222
329	228
329	229
329	249
329	299
329	408
329	454
329	458
329	490
329	574
329	757
330	34
330	164
330	188
330	235
330	312
330	350
330	774
331	5
331	16
331	39
331	52
331	115
331	169
331	199
331	229
331	278
331	282
331	287
331	423
331	525
331	690
331	714
331	734
332	54
332	104
332	116
332	220
332	233
332	271
332	419
332	424
332	438
332	473
332	539
332	558
332	632
332	726
332	755
332	765
332	794
333	1
333	131
333	168
333	244
333	297
333	326
333	419
333	478
333	504
333	622
333	705
333	709
333	725
334	394
334	468
334	549
334	676
334	737
334	739
334	749
334	754
335	168
335	240
335	258
335	471
335	478
335	504
335	622
335	725
336	47
336	49
336	92
336	98
336	149
336	163
336	166
336	213
336	249
336	263
336	269
336	276
336	321
336	433
336	488
336	529
336	555
336	578
336	598
336	606
336	659
336	687
336	736
336	769
336	785
337	3
337	9
337	17
337	28
337	58
337	77
337	78
337	87
337	97
337	159
337	170
337	175
337	183
337	188
337	211
337	213
337	224
337	282
337	284
337	306
337	317
337	323
337	325
337	384
337	397
337	406
337	408
337	435
337	445
337	446
337	448
337	488
337	495
337	517
337	561
337	573
337	580
337	627
337	654
337	657
337	667
337	674
337	698
337	776
338	24
338	117
338	130
338	193
338	237
338	245
338	290
338	518
338	519
338	672
338	681
338	727
339	148
339	215
339	306
339	309
339	316
339	370
339	509
339	515
339	533
339	557
339	607
339	673
339	691
339	761
340	25
340	61
340	62
340	64
340	239
340	256
340	346
340	452
340	499
340	500
340	661
340	679
340	761
341	9
341	28
341	78
341	213
341	224
341	232
341	325
341	446
341	674
341	776
342	215
342	306
342	370
342	424
342	509
342	607
342	761
343	65
343	136
343	217
343	236
343	280
343	323
343	457
343	461
343	562
343	610
343	620
343	628
343	724
344	79
344	95
344	109
344	123
344	349
344	469
344	477
344	552
344	582
344	625
345	203
345	375
345	400
345	453
345	489
345	656
345	703
345	741
346	25
346	61
346	62
346	78
346	193
346	231
346	248
346	340
346	452
346	466
346	499
346	661
346	698
347	98
347	149
347	163
347	269
347	276
347	578
347	673
348	79
348	95
348	123
348	147
348	291
348	349
348	477
348	543
348	544
348	552
348	603
348	625
348	636
348	689
348	690
348	752
349	50
349	76
349	78
349	79
349	89
349	91
349	95
349	123
349	146
349	147
349	291
349	344
349	348
349	426
349	458
349	477
349	520
349	534
349	544
349	552
349	603
349	605
349	625
349	689
349	706
349	725
350	70
350	149
350	154
350	164
350	170
350	223
350	312
350	330
350	377
350	380
350	429
350	431
350	501
350	547
350	622
350	684
350	798
351	32
351	355
351	383
351	388
351	527
351	557
351	607
351	616
351	633
351	636
351	645
351	665
351	720
351	733
352	18
352	28
352	37
352	47
352	96
352	106
352	126
352	139
352	148
352	153
352	160
352	182
352	311
352	378
352	392
352	460
352	494
352	507
352	510
352	523
352	551
352	583
352	592
352	595
352	601
352	618
352	621
352	635
352	648
352	653
352	684
352	689
352	711
352	729
352	763
352	792
353	73
353	307
353	324
353	327
353	393
353	464
353	468
353	571
353	637
353	683
353	799
354	67
354	124
354	205
354	259
354	283
354	300
354	314
354	364
354	368
354	372
354	391
354	415
354	439
354	467
354	530
354	641
354	647
354	778
354	793
355	32
355	101
355	133
355	171
355	215
355	246
355	247
355	253
355	285
355	351
355	388
355	483
355	497
355	504
355	515
355	524
355	527
355	536
355	541
355	557
355	577
355	616
355	633
355	636
355	645
355	665
355	674
355	688
355	733
355	746
355	772
355	784
355	786
355	795
356	28
356	78
356	224
356	406
356	495
356	667
356	674
356	776
357	137
357	264
357	301
357	482
357	490
357	542
357	726
357	744
358	181
358	275
358	280
358	446
358	457
358	562
358	582
358	628
358	724
359	41
359	143
359	222
359	228
359	408
359	454
359	458
359	486
359	491
359	559
360	105
360	109
360	223
360	364
360	376
360	421
360	471
360	717
360	732
361	70
361	91
361	109
361	148
361	169
361	189
361	208
361	230
361	382
361	394
361	429
361	437
361	629
361	676
361	709
361	737
361	749
361	754
362	109
362	201
362	410
362	442
362	486
362	493
362	732
363	90
363	222
363	228
363	249
363	408
363	439
363	454
363	458
363	670
364	11
364	19
364	23
364	82
364	100
364	103
364	105
364	109
364	140
364	143
364	165
364	191
364	201
364	223
364	254
364	262
364	273
364	299
364	354
364	360
364	376
364	380
364	407
364	442
364	469
364	471
364	487
364	493
364	495
364	621
364	630
364	636
364	659
364	681
364	732
364	734
364	748
365	99
365	107
365	319
365	416
365	434
365	708
365	738
366	67
366	260
366	306
366	309
366	370
366	455
366	509
366	601
366	607
367	79
367	95
367	123
367	207
367	291
367	544
367	625
368	48
368	67
368	108
368	124
368	141
368	205
368	259
368	283
368	288
368	290
368	298
368	300
368	303
368	309
368	313
368	326
368	354
368	373
368	383
368	391
368	415
368	439
368	443
368	459
368	460
368	465
368	467
368	530
368	533
368	536
368	589
368	591
368	604
368	607
368	615
368	641
368	647
368	793
369	143
369	222
369	249
369	454
369	458
369	597
369	698
370	4
370	20
370	31
370	56
370	114
370	151
370	173
370	215
370	260
370	288
370	292
370	306
370	309
370	316
370	319
370	339
370	342
370	366
370	392
370	412
370	418
370	455
370	469
370	509
370	513
370	528
370	533
370	559
370	575
370	579
370	593
370	607
370	609
370	631
370	640
370	673
370	675
370	691
370	729
370	761
370	782
370	784
371	213
371	446
371	495
371	537
371	580
371	674
371	776
372	53
372	55
372	242
372	268
372	354
372	506
372	545
372	611
372	612
372	686
372	701
373	124
373	205
373	259
373	368
373	391
373	467
373	538
373	591
374	4
374	34
374	130
374	172
374	237
374	245
374	672
374	681
375	27
375	66
375	119
375	147
375	156
375	185
375	258
375	281
375	305
375	345
375	400
375	450
375	489
375	503
375	528
375	556
375	619
375	656
375	703
375	714
375	795
376	11
376	20
376	100
376	103
376	105
376	109
376	131
376	155
376	191
376	201
376	223
376	254
376	262
376	273
376	299
376	360
376	364
376	386
376	442
376	469
376	471
376	493
376	560
376	621
376	626
376	630
376	644
376	667
376	687
376	707
376	732
377	70
377	84
377	164
377	215
377	312
377	350
377	603
378	47
378	48
378	99
378	106
378	139
378	148
378	207
378	311
378	352
378	460
378	478
378	493
378	494
378	507
378	510
378	523
378	551
378	583
378	601
378	653
378	658
378	684
378	722
378	734
378	792
379	122
379	233
379	245
379	271
379	461
379	539
379	546
379	632
380	34
380	137
380	164
380	312
380	350
380	364
380	429
380	577
381	39
381	52
381	115
381	229
381	282
381	459
381	625
381	690
381	777
382	208
382	230
382	235
382	361
382	394
382	408
382	417
382	437
382	446
382	549
382	575
382	676
382	709
382	737
382	749
382	754
382	799
383	67
383	108
383	124
383	141
383	259
383	300
383	303
383	313
383	351
383	368
383	439
383	443
383	467
383	530
383	591
383	615
383	654
383	695
383	713
383	780
384	28
384	213
384	224
384	337
384	423
384	446
384	495
384	580
384	667
384	674
384	776
385	24
385	138
385	237
385	245
385	284
385	518
385	681
385	727
385	776
386	11
386	105
386	109
386	165
386	191
386	299
386	376
386	442
386	469
386	493
386	517
386	659
386	680
386	689
386	732
387	23
387	29
387	72
387	76
387	189
387	194
387	234
387	251
387	277
387	410
387	428
387	471
387	517
387	554
387	608
387	697
387	714
387	728
388	253
388	351
388	355
388	524
388	557
388	636
388	678
388	786
389	91
389	208
389	230
389	394
389	575
389	632
389	709
389	737
389	749
390	49
390	163
390	409
390	480
390	578
390	649
390	763
391	35
391	67
391	205
391	288
391	298
391	301
391	313
391	320
391	354
391	368
391	373
391	415
391	465
391	467
391	591
391	615
391	647
391	660
391	762
392	139
392	215
392	306
392	309
392	352
392	370
392	395
392	455
392	492
392	509
392	593
392	607
392	673
393	12
393	324
393	327
393	353
393	409
393	468
393	479
393	552
393	571
393	611
393	663
393	753
393	769
393	771
393	773
393	781
393	799
394	83
394	91
394	148
394	169
394	189
394	192
394	206
394	208
394	217
394	221
394	223
394	230
394	334
394	361
394	382
394	389
394	437
394	446
394	477
394	549
394	569
394	575
394	629
394	643
394	650
394	676
394	692
394	709
394	737
394	749
394	754
394	756
395	215
395	306
395	392
395	449
395	455
395	593
395	607
396	120
396	129
396	280
396	323
396	413
396	448
396	456
396	588
396	610
396	620
396	724
397	9
397	213
397	224
397	337
397	446
397	495
397	580
397	674
397	776
397	795
398	6
398	36
398	43
398	162
398	191
398	200
398	209
398	227
398	402
398	420
398	425
398	583
399	10
399	86
399	214
399	260
399	626
399	668
399	716
400	66
400	119
400	132
400	156
400	251
400	281
400	345
400	375
400	450
400	483
400	489
400	556
400	656
400	703
400	730
400	741
400	764
401	10
401	86
401	424
401	510
401	626
401	668
401	716
401	745
401	789
402	6
402	36
402	43
402	142
402	155
402	398
402	489
403	51
403	196
403	268
403	443
403	505
403	545
403	611
403	612
403	675
403	686
404	80
404	132
404	242
404	482
404	490
404	621
404	726
404	743
405	1
405	131
405	168
405	290
405	295
405	326
405	419
405	425
405	478
405	504
405	599
405	622
405	624
405	646
405	675
405	693
405	711
405	725
406	9
406	28
406	34
406	77
406	78
406	97
406	188
406	195
406	211
406	213
406	224
406	325
406	337
406	356
406	446
406	487
406	495
406	580
406	600
406	627
406	657
406	667
406	674
406	698
406	719
406	754
406	776
406	785
407	53
407	55
407	63
407	196
407	203
407	262
407	304
407	364
407	505
407	511
407	611
407	612
407	675
407	686
407	701
407	718
407	759
408	20
408	30
408	44
408	69
408	118
408	145
408	222
408	228
408	249
408	329
408	337
408	359
408	363
408	382
408	454
408	458
408	486
408	757
409	49
409	92
409	146
409	149
409	163
409	166
409	263
409	266
409	269
409	276
409	390
409	393
409	474
409	488
409	502
409	529
409	555
409	575
409	578
409	596
409	598
409	606
409	649
409	661
409	736
409	758
409	785
410	29
410	35
410	47
410	72
410	76
410	277
410	289
410	362
410	387
410	428
410	430
410	451
410	489
410	497
410	517
410	554
410	570
410	608
410	697
410	766
410	775
411	91
411	163
411	166
411	252
411	488
411	606
411	649
412	67
412	215
412	306
412	370
412	455
412	593
412	607
412	673
412	784
413	223
413	299
413	396
413	442
413	487
413	659
413	732
414	1
414	160
414	168
414	238
414	271
414	478
414	504
414	622
415	124
415	288
415	303
415	354
415	368
415	391
415	427
415	467
415	737
415	787
416	91
416	163
416	230
416	365
416	709
416	737
416	754
417	73
417	91
417	149
417	221
417	382
417	549
417	575
417	629
417	676
417	737
418	306
418	315
418	370
418	455
418	509
418	593
418	607
418	673
418	720
419	1
419	94
419	105
419	131
419	160
419	168
419	174
419	244
419	290
419	332
419	333
419	405
419	425
419	478
419	504
419	622
419	662
419	671
419	693
419	725
419	728
420	6
420	43
420	105
420	135
420	155
420	162
420	398
420	640
421	79
421	95
421	123
421	291
421	360
421	444
421	478
421	544
421	625
421	689
422	1
422	90
422	125
422	131
422	222
422	295
422	478
422	504
423	2
423	5
423	30
423	39
423	45
423	52
423	115
423	150
423	176
423	178
423	180
423	190
423	199
423	229
423	234
423	252
423	278
423	282
423	301
423	306
423	331
423	384
423	459
423	470
423	490
423	522
423	548
423	558
423	663
423	664
423	690
423	734
423	778
424	10
424	42
424	86
424	113
424	128
424	177
424	214
424	227
424	332
424	342
424	401
424	481
424	542
424	626
424	685
424	716
424	745
424	747
424	760
424	789
425	1
425	131
425	160
425	168
425	229
425	295
425	326
425	398
425	405
425	419
425	478
425	498
425	504
425	593
425	622
425	662
425	680
425	693
425	719
425	725
425	728
426	5
426	79
426	95
426	123
426	147
426	291
426	349
426	433
426	477
426	534
426	544
426	552
426	582
426	622
426	625
426	653
426	678
426	689
427	6
427	36
427	43
427	52
427	112
427	146
427	158
427	209
427	236
427	415
427	456
427	586
427	594
428	72
428	76
428	188
428	194
428	227
428	234
428	251
428	277
428	289
428	387
428	410
428	451
428	497
428	608
428	617
428	714
429	34
429	70
429	84
429	137
429	154
429	164
429	170
429	245
429	312
429	350
429	361
429	380
429	431
429	436
429	501
429	521
429	547
429	553
429	612
429	710
429	778
429	779
429	798
430	5
430	29
430	72
430	76
430	234
430	289
430	410
430	497
430	517
430	570
430	607
430	608
430	714
430	716
431	34
431	102
431	164
431	312
431	350
431	429
431	476
431	501
431	547
431	553
431	578
431	583
431	779
432	51
432	78
432	80
432	132
432	242
432	271
432	274
432	315
432	482
432	490
432	694
432	743
433	26
433	49
433	149
433	163
433	336
433	426
433	465
433	555
433	649
434	99
434	109
434	235
434	365
434	566
434	631
434	708
435	1
435	131
435	168
435	337
435	478
435	504
435	622
435	671
436	34
436	52
436	137
436	164
436	170
436	429
436	521
436	681
437	8
437	91
437	169
437	189
437	206
437	208
437	221
437	230
437	268
437	361
437	382
437	394
437	538
437	575
437	629
437	643
437	650
437	673
437	686
437	709
437	737
437	749
437	754
437	786
437	796
438	116
438	122
438	167
438	220
438	233
438	332
438	473
438	546
438	558
438	560
438	565
438	632
438	794
439	67
439	124
439	259
439	298
439	307
439	313
439	320
439	354
439	363
439	368
439	383
439	465
439	467
439	530
439	604
439	677
439	713
439	757
439	787
440	74
440	99
440	210
440	235
440	319
440	455
440	566
440	708
440	738
441	7
441	21
441	24
441	130
441	184
441	261
441	294
441	496
441	624
441	634
441	715
441	735
441	744
441	759
441	764
441	791
442	11
442	20
442	23
442	82
442	103
442	105
442	109
442	123
442	140
442	165
442	191
442	201
442	218
442	223
442	257
442	262
442	265
442	273
442	299
442	362
442	364
442	376
442	386
442	413
442	469
442	471
442	493
442	560
442	598
442	621
442	659
442	667
442	691
442	703
442	707
442	732
442	734
443	67
443	205
443	221
443	283
443	300
443	313
443	368
443	383
443	403
443	591
443	739
444	38
444	45
444	95
444	123
444	291
444	421
444	544
444	552
444	625
445	28
445	215
445	306
445	309
445	316
445	337
445	455
445	528
445	533
445	559
445	593
445	607
445	673
445	744
445	784
446	1
446	3
446	5
446	9
446	17
446	24
446	28
446	58
446	76
446	77
446	78
446	87
446	97
446	159
446	175
446	183
446	188
446	211
446	213
446	224
446	284
446	317
446	325
446	337
446	341
446	358
446	371
446	382
446	384
446	394
446	397
446	406
446	463
446	495
446	508
446	561
446	573
446	580
446	597
446	627
446	654
446	657
446	659
446	667
446	669
446	674
446	698
446	721
446	754
446	776
447	24
447	117
447	229
447	237
447	238
447	245
447	519
447	540
447	612
447	672
447	681
448	7
448	21
448	38
448	184
448	187
448	212
448	261
448	282
448	294
448	297
448	337
448	396
448	512
448	584
448	624
448	634
448	682
448	696
448	711
448	735
448	764
448	770
449	22
449	55
449	196
449	225
449	246
449	268
449	395
449	505
449	506
449	611
449	612
449	675
449	686
449	701
449	702
449	755
450	27
450	66
450	119
450	156
450	185
450	258
450	305
450	375
450	400
450	454
450	483
450	488
450	489
450	503
450	506
450	556
450	619
450	656
450	703
450	709
450	730
451	76
451	214
451	410
451	428
451	554
451	634
451	697
452	25
452	40
452	53
452	55
452	61
452	62
452	64
452	174
452	193
452	219
452	231
452	239
452	248
452	256
452	279
452	290
452	340
452	346
452	466
452	499
452	500
452	512
452	526
452	661
452	704
452	742
453	61
453	95
453	123
453	127
453	345
453	477
453	603
454	30
454	69
454	168
454	195
454	249
454	326
454	329
454	359
454	363
454	369
454	408
454	450
454	458
454	483
454	574
454	757
455	4
455	7
455	114
455	215
455	260
455	292
455	306
455	309
455	316
455	318
455	366
455	370
455	392
455	395
455	412
455	418
455	440
455	445
455	509
455	513
455	528
455	567
455	568
455	593
455	607
455	641
455	669
455	673
455	684
455	691
455	761
455	782
455	784
456	6
456	36
456	135
456	162
456	200
456	236
456	396
456	427
456	583
457	65
457	136
457	221
457	280
457	323
457	343
457	358
457	493
457	588
457	610
457	620
457	724
458	1
458	30
458	41
458	43
458	44
458	69
458	90
458	95
458	143
458	145
458	153
458	195
458	222
458	228
458	235
458	249
458	250
458	329
458	349
458	359
458	363
458	369
458	408
458	454
458	486
458	574
458	670
458	757
459	2
459	5
459	16
459	39
459	45
459	52
459	115
459	150
459	163
459	176
459	178
459	180
459	185
459	199
459	229
459	243
459	252
459	278
459	282
459	287
459	301
459	328
459	368
459	381
459	423
459	470
459	522
459	585
459	590
459	603
459	607
459	664
459	690
459	725
459	734
459	778
460	47
460	96
460	352
460	368
460	378
460	469
460	494
460	514
460	583
460	601
460	653
460	684
460	758
460	792
461	104
461	210
461	271
461	343
461	379
461	546
461	558
461	611
461	644
461	794
462	85
462	134
462	226
462	293
462	325
462	492
462	615
462	623
462	638
462	700
462	720
462	758
463	1
463	168
463	290
463	295
463	446
463	478
463	504
463	622
464	28
464	133
464	324
464	353
464	468
464	479
464	571
464	602
464	636
464	663
464	799
465	67
465	108
465	124
465	180
465	205
465	303
465	320
465	368
465	391
465	433
465	439
465	467
465	589
465	713
465	720
465	793
466	60
466	61
466	248
466	346
466	452
466	499
466	500
466	685
467	48
467	67
467	205
467	211
467	259
467	288
467	297
467	303
467	313
467	320
467	354
467	368
467	373
467	383
467	391
467	415
467	439
467	465
467	469
467	529
467	589
467	591
467	595
467	615
467	677
467	713
467	739
468	12
468	133
468	167
468	179
468	206
468	307
468	324
468	334
468	353
468	393
468	464
468	478
468	479
468	547
468	568
468	571
468	580
468	753
468	769
468	771
468	773
468	781
469	11
469	19
469	20
469	82
469	103
469	105
469	109
469	140
469	165
469	191
469	218
469	223
469	262
469	273
469	299
469	344
469	364
469	370
469	376
469	386
469	442
469	460
469	467
469	487
469	493
469	506
469	621
469	653
469	659
469	732
470	15
470	115
470	199
470	423
470	459
470	632
470	664
470	690
470	734
471	105
471	109
471	201
471	223
471	273
471	335
471	360
471	364
471	376
471	387
471	442
471	504
471	659
471	732
471	748
472	79
472	123
472	155
472	239
472	477
472	678
472	689
473	98
473	104
473	220
473	271
473	301
473	332
473	438
473	539
473	546
473	558
473	565
473	719
474	92
474	98
474	163
474	166
474	176
474	263
474	304
474	409
474	488
474	606
475	121
475	131
475	247
475	524
475	577
475	633
475	636
475	665
475	786
476	91
476	114
476	431
476	549
476	575
476	709
476	737
476	754
476	756
477	79
477	95
477	123
477	147
477	149
477	286
477	344
477	348
477	349
477	394
477	426
477	453
477	472
477	520
477	529
477	534
477	544
477	552
477	576
477	582
477	593
477	625
477	678
477	689
477	725
477	776
478	1
478	125
478	131
478	160
478	168
478	229
478	240
478	244
478	265
478	290
478	295
478	326
478	333
478	335
478	378
478	405
478	414
478	419
478	421
478	422
478	425
478	435
478	463
478	468
478	481
478	498
478	504
478	532
478	537
478	550
478	578
478	599
478	622
478	646
478	662
478	671
478	680
478	686
478	693
478	711
478	725
478	728
478	734
478	751
478	752
478	777
478	783
479	12
479	393
479	464
479	468
479	524
479	568
479	602
479	637
479	681
479	769
480	123
480	147
480	390
480	486
480	552
480	605
480	625
481	28
481	86
481	128
481	157
481	177
481	297
481	304
481	424
481	478
481	626
481	745
481	747
481	789
482	132
482	233
482	315
482	323
482	357
482	404
482	432
482	490
482	542
482	743
483	66
483	119
483	185
483	281
483	305
483	355
483	400
483	450
483	454
483	489
483	656
484	79
484	104
484	122
484	233
484	271
484	516
484	546
484	565
484	632
484	644
484	738
485	124
485	205
485	224
485	298
485	313
485	641
485	739
486	41
486	228
486	359
486	362
486	408
486	458
486	480
487	19
487	20
487	63
487	105
487	109
487	165
487	364
487	406
487	413
487	469
487	493
487	612
487	659
487	732
488	163
488	263
488	336
488	337
488	409
488	411
488	450
488	474
488	529
488	555
488	736
488	781
489	27
489	66
489	119
489	156
489	185
489	200
489	258
489	281
489	305
489	345
489	375
489	400
489	402
489	410
489	450
489	483
489	503
489	523
489	534
489	556
489	619
489	656
489	703
489	730
489	741
490	31
490	51
490	93
490	132
490	230
490	242
490	274
490	329
490	357
490	404
490	423
490	432
490	482
490	542
490	563
490	637
490	652
490	694
490	712
490	726
490	731
490	743
490	744
491	47
491	148
491	359
491	494
491	510
491	583
491	601
492	91
492	134
492	186
492	226
492	293
492	392
492	462
492	526
492	699
492	700
493	11
493	20
493	23
493	82
493	105
493	109
493	165
493	191
493	218
493	223
493	253
493	257
493	299
493	362
493	364
493	376
493	378
493	386
493	442
493	457
493	469
493	487
493	588
493	621
493	659
493	732
493	754
494	47
494	67
494	96
494	126
494	139
494	148
494	180
494	352
494	378
494	460
494	491
494	501
494	510
494	523
494	577
494	583
494	595
494	601
494	653
494	666
494	684
494	695
494	792
495	3
495	9
495	14
495	15
495	17
495	28
495	77
495	78
495	87
495	97
495	136
495	159
495	165
495	177
495	183
495	188
495	211
495	213
495	224
495	284
495	317
495	325
495	327
495	337
495	356
495	364
495	371
495	384
495	397
495	406
495	446
495	506
495	551
495	561
495	580
495	597
495	627
495	635
495	657
495	667
495	674
495	677
495	693
495	698
495	721
495	741
495	776
496	297
496	441
496	607
496	615
496	624
496	634
496	715
497	76
497	277
497	355
497	410
497	428
497	430
497	517
497	608
497	771
498	131
498	168
498	273
498	290
498	425
498	478
498	504
498	711
499	40
499	61
499	62
499	174
499	231
499	254
499	256
499	297
499	340
499	346
499	452
499	466
499	500
499	661
499	742
499	791
500	20
500	25
500	40
500	61
500	62
500	239
500	248
500	279
500	293
500	340
500	452
500	466
500	499
500	544
500	661
501	70
501	154
501	164
501	184
501	312
501	350
501	429
501	431
501	494
501	553
501	624
502	122
502	149
502	266
502	269
502	279
502	409
502	531
502	578
502	596
502	649
503	27
503	66
503	119
503	156
503	172
503	224
503	258
503	375
503	450
503	489
503	610
503	619
504	1
504	11
504	27
504	125
504	131
504	152
504	160
504	168
504	240
504	244
504	265
504	290
504	295
504	326
504	333
504	335
504	355
504	405
504	414
504	419
504	422
504	425
504	435
504	463
504	471
504	478
504	498
504	509
504	532
504	537
504	550
504	599
504	622
504	646
504	662
504	671
504	677
504	680
504	693
504	711
504	725
504	728
504	731
504	752
504	776
504	777
504	783
505	53
505	55
505	63
505	81
505	110
505	144
505	213
505	288
505	403
505	407
505	449
505	506
505	511
505	536
505	545
505	579
505	587
505	611
505	612
505	675
505	686
505	701
505	759
505	768
506	11
506	13
506	22
506	32
506	53
506	55
506	63
506	110
506	196
506	203
506	268
506	272
506	295
506	372
506	449
506	450
506	469
506	495
506	505
506	511
506	545
506	611
506	612
506	639
506	675
506	686
506	701
506	702
506	718
506	724
506	755
507	47
507	150
507	311
507	352
507	378
507	583
507	592
507	736
508	9
508	76
508	213
508	224
508	446
508	580
508	674
509	4
509	34
509	108
509	114
509	151
509	215
509	277
509	306
509	309
509	339
509	342
509	366
509	370
509	392
509	418
509	455
509	504
509	528
509	533
509	559
509	579
509	593
509	607
509	640
509	673
509	691
509	708
509	761
509	784
510	18
510	37
510	47
510	106
510	148
510	163
510	182
510	260
510	263
510	311
510	352
510	378
510	401
510	491
510	494
510	514
510	523
510	551
510	583
510	592
510	595
510	601
510	635
510	653
510	684
510	695
510	792
511	39
511	55
511	74
511	110
511	196
511	205
511	268
511	407
511	505
511	506
511	611
511	612
511	639
511	675
511	686
511	718
511	797
512	159
512	184
512	261
512	294
512	297
512	448
512	452
512	590
512	682
512	735
513	306
513	309
513	319
513	370
513	455
513	607
513	673
513	778
513	784
514	274
514	311
514	460
514	510
514	583
514	601
514	684
514	772
515	32
515	101
515	246
515	339
515	355
515	525
515	606
515	633
515	688
515	786
515	793
516	104
516	271
516	484
516	546
516	644
516	688
516	765
517	76
517	109
517	337
517	386
517	387
517	410
517	430
517	497
517	570
517	608
517	775
518	24
518	130
518	138
518	245
518	289
518	338
518	385
518	710
518	727
518	767
518	777
519	24
519	63
519	130
519	245
519	338
519	447
519	611
519	672
519	681
519	790
520	79
520	95
520	123
520	147
520	197
520	349
520	477
520	552
521	34
521	137
521	164
521	429
521	436
521	551
521	700
521	779
522	5
522	39
522	199
522	229
522	423
522	459
522	684
522	690
522	710
522	734
523	47
523	148
523	352
523	378
523	489
523	494
523	510
523	583
523	601
523	631
523	653
523	658
523	684
523	737
523	792
524	13
524	32
524	253
524	355
524	388
524	475
524	479
524	525
524	557
524	600
524	636
524	786
525	32
525	271
525	331
525	515
525	524
525	633
525	636
525	665
525	786
525	792
526	8
526	33
526	83
526	85
526	94
526	121
526	134
526	186
526	225
526	226
526	255
526	280
526	293
526	308
526	312
526	452
526	492
526	564
526	567
526	572
526	600
526	617
526	622
526	638
526	651
526	660
526	683
526	699
526	700
526	708
526	720
526	722
526	750
526	758
526	780
527	32
527	247
527	293
527	351
527	355
527	536
527	636
528	56
528	105
528	114
528	214
528	215
528	306
528	309
528	370
528	375
528	445
528	455
528	509
528	559
528	593
528	607
528	635
528	673
528	761
528	784
529	149
529	163
529	276
529	321
529	336
529	409
529	467
529	477
529	488
529	578
530	49
530	106
530	205
530	259
530	288
530	300
530	354
530	368
530	383
530	439
530	591
531	25
531	149
531	276
531	502
531	578
531	596
531	645
532	1
532	131
532	168
532	295
532	322
532	478
532	504
532	646
532	671
532	770
533	4
533	56
533	215
533	306
533	309
533	339
533	368
533	370
533	445
533	509
533	593
533	607
533	661
533	672
533	673
534	79
534	95
534	123
534	155
534	286
534	291
534	349
534	426
534	477
534	489
534	544
534	552
534	567
534	576
534	625
535	82
535	105
535	109
535	191
535	223
535	642
535	659
535	732
536	32
536	355
536	368
536	505
536	527
536	636
536	688
536	786
537	1
537	131
537	168
537	290
537	371
537	478
537	504
537	662
538	221
538	373
538	437
538	549
538	575
538	737
538	749
539	27
539	54
539	104
539	116
539	123
539	271
539	332
539	379
539	473
539	565
539	765
540	24
540	130
540	172
540	173
540	245
540	447
540	672
540	724
540	739
540	790
541	247
541	253
541	355
541	636
541	642
541	732
541	786
542	31
542	71
542	80
542	95
542	218
542	274
542	357
542	424
542	482
542	490
542	675
542	743
543	79
543	95
543	123
543	188
543	291
543	348
543	552
543	625
544	6
544	79
544	94
544	95
544	123
544	147
544	256
544	291
544	348
544	349
544	367
544	421
544	426
544	444
544	477
544	500
544	534
544	552
544	625
544	678
544	689
544	762
545	53
545	55
545	63
545	76
545	123
545	196
545	245
545	268
545	272
545	372
545	403
545	505
545	506
545	602
545	611
545	612
545	675
545	686
545	718
546	87
546	104
546	122
546	132
546	220
546	271
546	379
546	438
546	461
546	473
546	484
546	516
546	552
546	558
546	765
547	26
547	32
547	70
547	102
547	154
547	164
547	170
547	312
547	350
547	429
547	431
547	468
547	553
547	798
548	5
548	39
548	115
548	150
548	180
548	184
548	229
548	231
548	282
548	301
548	423
548	690
548	734
549	91
549	94
549	169
549	189
549	206
549	221
549	230
549	291
549	334
549	382
549	394
549	417
549	476
549	538
549	563
549	575
549	629
549	636
549	709
549	737
549	749
549	754
549	756
549	796
550	131
550	135
550	168
550	290
550	295
550	478
550	504
550	622
551	47
551	148
551	313
551	352
551	378
551	495
551	510
551	521
551	583
551	601
551	618
551	684
552	50
552	79
552	82
552	89
552	95
552	123
552	146
552	147
552	204
552	291
552	306
552	344
552	348
552	349
552	393
552	426
552	444
552	477
552	480
552	520
552	534
552	543
552	544
552	546
552	561
552	576
552	580
552	582
552	603
552	625
552	650
552	678
552	689
552	706
552	762
553	70
553	102
553	137
553	164
553	429
553	431
553	501
553	547
553	732
553	776
554	29
554	72
554	76
554	194
554	230
554	387
554	410
554	451
554	608
554	639
555	98
555	116
555	149
555	163
555	166
555	236
555	263
555	336
555	409
555	433
555	488
555	578
555	606
556	268
556	375
556	400
556	450
556	489
556	619
556	656
557	32
557	339
557	351
557	355
557	388
557	524
557	633
557	636
557	662
557	688
557	733
557	746
557	786
558	104
558	228
558	271
558	332
558	423
558	438
558	461
558	473
558	546
558	644
558	765
559	114
559	215
559	280
559	306
559	359
559	370
559	445
559	509
559	528
559	593
559	606
559	607
559	673
559	691
559	761
560	48
560	105
560	109
560	376
560	438
560	442
560	732
561	9
561	28
561	78
561	188
561	213
561	224
561	337
561	446
561	495
561	552
561	580
561	667
561	674
562	41
562	129
562	275
562	280
562	323
562	343
562	358
562	588
562	610
562	620
562	666
562	697
562	724
563	19
563	31
563	51
563	59
563	132
563	490
563	549
564	8
564	50
564	94
564	293
564	526
564	627
564	638
564	660
564	758
565	54
565	104
565	116
565	233
565	271
565	438
565	473
565	484
565	539
565	709
565	780
566	18
566	99
566	328
566	434
566	440
566	672
566	708
566	719
566	723
566	733
566	800
567	8
567	83
567	85
567	121
567	225
567	455
567	526
567	534
567	572
567	600
567	659
567	720
567	758
568	311
568	455
568	468
568	479
568	571
568	721
568	771
568	781
569	91
569	189
569	394
569	575
569	629
569	676
569	716
569	737
569	754
570	76
570	208
570	410
570	430
570	517
570	608
570	775
571	12
571	115
571	167
571	307
571	353
571	393
571	464
571	468
571	568
571	738
571	753
571	755
571	771
572	33
572	94
572	106
572	121
572	134
572	158
572	293
572	526
572	567
572	660
573	213
573	224
573	337
573	446
573	580
573	646
573	667
573	776
574	6
574	30
574	90
574	104
574	121
574	145
574	228
574	249
574	250
574	329
574	454
574	458
574	670
575	91
575	118
575	169
575	189
575	192
575	208
575	213
575	230
575	309
575	370
575	382
575	389
575	394
575	409
575	417
575	437
575	476
575	538
575	549
575	569
575	629
575	643
575	667
575	673
575	676
575	709
575	711
575	737
575	749
575	754
575	756
575	796
576	51
576	123
576	147
576	477
576	534
576	552
576	625
576	791
577	32
577	101
577	355
577	380
577	475
577	494
577	636
577	772
578	26
578	49
578	92
578	98
578	109
578	163
578	263
578	269
578	276
578	310
578	336
578	347
578	390
578	409
578	431
578	478
578	502
578	529
578	531
578	555
578	596
578	598
578	613
578	649
578	656
578	687
579	215
579	306
579	370
579	505
579	509
579	593
579	607
579	612
579	673
580	3
580	9
580	14
580	15
580	17
580	28
580	58
580	77
580	78
580	87
580	97
580	99
580	159
580	162
580	163
580	175
580	183
580	188
580	211
580	213
580	224
580	268
580	284
580	300
580	317
580	325
580	337
580	371
580	384
580	397
580	406
580	446
580	468
580	495
580	508
580	552
580	561
580	573
580	627
580	654
580	657
580	667
580	672
580	674
580	698
580	721
580	725
580	776
580	789
580	790
581	8
581	94
581	162
581	293
581	720
581	758
581	780
582	87
582	95
582	123
582	276
582	291
582	344
582	358
582	426
582	477
582	552
582	625
582	689
583	5
583	18
583	37
583	47
583	96
583	106
583	126
583	131
583	139
583	148
583	182
583	207
583	309
583	311
583	324
583	352
583	378
583	398
583	431
583	456
583	460
583	491
583	494
583	507
583	510
583	514
583	523
583	551
583	592
583	595
583	601
583	618
583	625
583	635
583	642
583	653
583	684
583	694
583	695
583	722
583	763
583	792
584	10
584	89
584	184
584	212
584	294
584	297
584	448
584	624
584	764
584	770
585	5
585	11
585	39
585	229
585	459
585	633
585	690
586	6
586	55
586	155
586	162
586	209
586	427
586	787
587	196
587	505
587	611
587	612
587	686
587	701
587	733
587	800
588	65
588	116
588	120
588	136
588	161
588	181
588	217
588	223
588	275
588	280
588	323
588	396
588	457
588	493
588	562
588	620
588	666
588	696
588	708
588	724
589	67
589	205
589	288
589	295
589	368
589	465
589	467
589	591
590	7
590	38
590	184
590	187
590	212
590	261
590	294
590	297
590	459
590	512
590	678
590	791
591	48
591	67
591	124
591	183
591	205
591	225
591	259
591	283
591	368
591	373
591	383
591	391
591	443
591	467
591	530
591	589
591	605
592	47
592	183
592	352
592	507
592	510
592	583
592	653
592	684
592	792
593	77
593	114
593	132
593	151
593	173
593	184
593	215
593	266
593	292
593	306
593	309
593	316
593	318
593	370
593	392
593	395
593	412
593	418
593	425
593	445
593	455
593	477
593	509
593	528
593	533
593	559
593	579
593	607
593	609
593	640
593	669
593	673
593	686
593	691
593	761
593	782
593	784
594	6
594	36
594	43
594	127
594	135
594	142
594	158
594	162
594	198
594	200
594	227
594	427
594	634
594	748
595	37
595	47
595	57
595	182
595	291
595	311
595	352
595	467
595	494
595	510
595	583
595	601
595	635
595	653
595	658
595	684
595	695
596	16
596	49
596	149
596	163
596	247
596	276
596	409
596	502
596	531
596	578
596	649
596	785
597	9
597	28
597	78
597	224
597	369
597	446
597	495
597	667
597	674
597	776
598	149
598	163
598	336
598	409
598	442
598	578
598	751
599	1
599	80
599	131
599	244
599	295
599	405
599	478
599	504
599	673
599	725
599	728
600	83
600	94
600	121
600	225
600	226
600	278
600	406
600	524
600	526
600	567
600	683
600	700
600	705
600	758
601	18
601	37
601	47
601	96
601	106
601	126
601	139
601	153
601	200
601	202
601	250
601	311
601	352
601	366
601	378
601	460
601	491
601	494
601	510
601	514
601	523
601	551
601	583
601	595
601	618
601	635
601	642
601	648
601	653
601	658
601	684
601	722
601	728
601	737
601	756
601	763
601	792
602	12
602	41
602	88
602	327
602	464
602	479
602	545
602	663
602	781
603	50
603	79
603	95
603	123
603	146
603	147
603	174
603	348
603	349
603	377
603	453
603	459
603	552
604	67
604	259
604	262
604	368
604	439
604	677
604	749
605	79
605	95
605	123
605	136
605	147
605	349
605	480
605	591
605	625
606	149
606	163
606	336
606	409
606	411
606	474
606	515
606	555
606	559
606	649
606	736
607	4
607	56
607	104
607	114
607	151
607	173
607	193
607	215
607	260
607	292
607	306
607	309
607	316
607	318
607	339
607	342
607	351
607	366
607	368
607	370
607	392
607	395
607	412
607	418
607	430
607	445
607	455
607	459
607	496
607	509
607	513
607	528
607	533
607	559
607	579
607	593
607	609
607	631
607	640
607	668
607	669
607	673
607	690
607	691
607	761
607	782
607	784
608	29
608	35
608	72
608	76
608	151
608	230
608	234
608	277
608	289
608	387
608	410
608	428
608	430
608	497
608	517
608	554
608	570
608	630
608	656
608	697
608	775
609	17
609	215
609	370
609	593
609	607
609	673
609	691
610	65
610	73
610	280
610	297
610	343
610	396
610	457
610	503
610	562
610	620
610	625
610	628
610	666
610	696
610	724
611	13
611	22
611	32
611	53
611	55
611	63
611	85
611	98
611	110
611	111
611	171
611	196
611	203
611	241
611	243
611	268
611	272
611	309
611	372
611	393
611	403
611	407
611	449
611	461
611	505
611	506
611	511
611	519
611	545
611	587
611	612
611	639
611	675
611	679
611	686
611	701
611	755
611	759
611	766
611	768
611	797
612	13
612	22
612	39
612	53
612	55
612	63
612	81
612	110
612	111
612	160
612	196
612	203
612	241
612	268
612	272
612	283
612	372
612	403
612	407
612	429
612	447
612	449
612	487
612	505
612	506
612	511
612	545
612	579
612	587
612	611
612	639
612	669
612	675
612	684
612	686
612	701
612	702
612	718
612	755
612	759
612	766
612	797
613	24
613	130
613	138
613	172
613	269
613	578
613	672
613	767
614	32
614	101
614	115
614	165
614	253
614	633
614	636
615	108
615	205
615	259
615	368
615	383
615	391
615	462
615	467
615	496
615	696
615	787
616	32
616	246
616	351
616	355
616	625
616	633
616	636
616	688
616	706
616	786
617	85
617	94
617	172
617	293
617	428
617	526
617	758
618	47
618	187
618	191
618	352
618	551
618	583
618	601
618	684
619	12
619	95
619	258
619	375
619	450
619	489
619	503
619	556
619	656
619	730
620	2
620	57
620	65
620	73
620	120
620	136
620	161
620	181
620	217
620	280
620	323
620	343
620	396
620	457
620	562
620	588
620	610
620	628
620	653
620	666
620	684
620	724
620	747
621	11
621	20
621	28
621	109
621	140
621	148
621	223
621	273
621	299
621	352
621	364
621	376
621	404
621	442
621	469
621	493
621	659
621	732
622	1
622	12
622	125
622	131
622	145
622	160
622	168
622	240
622	244
622	290
622	295
622	326
622	333
622	335
622	350
622	405
622	414
622	419
622	425
622	426
622	435
622	463
622	478
622	504
622	526
622	550
622	662
622	671
622	674
622	680
622	693
622	711
622	725
622	727
622	728
622	743
622	752
622	783
623	83
623	152
623	226
623	229
623	293
623	462
623	647
623	660
623	700
623	758
624	184
624	212
624	216
624	261
624	294
624	297
624	405
624	441
624	448
624	496
624	501
624	584
624	634
624	791
625	79
625	89
625	95
625	123
625	124
625	146
625	147
625	291
625	344
625	348
625	349
625	367
625	381
625	421
625	426
625	444
625	477
625	480
625	534
625	543
625	544
625	552
625	576
625	582
625	583
625	605
625	610
625	616
625	659
625	678
625	689
625	732
626	10
626	42
626	86
626	113
626	128
626	144
626	157
626	177
626	214
626	235
626	304
626	307
626	328
626	376
626	399
626	401
626	424
626	481
626	668
626	685
626	716
626	730
626	734
626	745
626	789
627	9
627	28
627	78
627	188
627	213
627	224
627	308
627	325
627	337
627	406
627	446
627	495
627	564
627	580
627	667
627	672
627	674
627	698
627	776
628	37
628	280
628	343
628	358
628	610
628	620
628	724
629	91
629	169
629	189
629	221
629	224
629	230
629	253
629	269
629	361
629	394
629	417
629	437
629	549
629	569
629	575
629	636
629	643
629	676
629	692
629	709
629	737
629	746
629	749
629	754
630	65
630	109
630	262
630	299
630	364
630	376
630	608
630	732
631	215
631	306
631	370
631	434
631	523
631	607
631	673
631	784
632	104
632	332
632	379
632	389
632	438
632	470
632	484
632	794
633	32
633	101
633	127
633	152
633	171
633	196
633	246
633	247
633	253
633	285
633	351
633	355
633	475
633	515
633	525
633	557
633	585
633	614
633	616
633	636
633	645
633	665
633	716
633	733
633	746
633	786
633	795
634	7
634	21
634	184
634	187
634	212
634	297
634	302
634	441
634	448
634	451
634	496
634	594
634	624
634	660
634	735
634	764
634	791
635	3
635	47
635	182
635	311
635	352
635	495
635	510
635	528
635	583
635	595
635	601
635	684
635	763
635	792
636	9
636	32
636	101
636	171
636	221
636	246
636	247
636	253
636	285
636	348
636	351
636	355
636	364
636	388
636	464
636	475
636	524
636	525
636	527
636	536
636	541
636	549
636	557
636	577
636	614
636	616
636	629
636	633
636	645
636	688
636	746
636	786
636	795
637	12
637	75
637	353
637	479
637	490
637	753
637	781
638	8
638	83
638	85
638	94
638	117
638	121
638	225
638	293
638	462
638	526
638	564
638	756
638	758
639	53
639	55
639	196
639	268
639	506
639	511
639	554
639	611
639	612
639	675
639	676
639	686
639	725
640	306
640	370
640	420
640	509
640	593
640	607
640	673
640	761
641	48
641	108
641	205
641	259
641	354
641	368
641	455
641	485
641	743
642	47
642	106
642	311
642	535
642	541
642	583
642	601
642	653
642	684
643	172
643	189
643	394
643	437
643	575
643	629
643	650
643	675
643	737
643	749
644	20
644	104
644	122
644	220
644	271
644	376
644	461
644	484
644	516
644	558
645	32
645	351
645	355
645	531
645	633
645	636
645	786
646	9
646	290
646	295
646	405
646	478
646	504
646	532
646	573
646	725
647	108
647	205
647	225
647	354
647	368
647	391
647	623
647	793
648	47
648	148
648	311
648	352
648	601
648	684
648	759
649	26
649	49
649	98
649	102
649	139
649	147
649	149
649	163
649	263
649	269
649	276
649	310
649	390
649	409
649	411
649	433
649	502
649	578
649	596
649	606
649	686
649	687
650	180
650	189
650	230
650	394
650	437
650	552
650	643
650	676
650	737
650	749
650	754
651	85
651	168
651	206
651	226
651	293
651	526
651	660
651	700
651	720
652	51
652	71
652	101
652	132
652	490
652	712
652	731
652	743
653	37
653	47
653	106
653	117
653	126
653	148
653	153
653	182
653	207
653	255
653	261
653	306
653	311
653	352
653	378
653	426
653	460
653	469
653	494
653	510
653	523
653	583
653	592
653	595
653	601
653	620
653	642
653	658
653	684
653	695
653	722
653	763
653	792
654	213
654	224
654	337
654	383
654	446
654	580
654	674
654	776
655	5
655	61
655	62
655	193
655	219
655	661
655	704
656	27
656	66
656	120
656	156
656	231
656	281
656	345
656	375
656	400
656	450
656	483
656	489
656	556
656	578
656	608
656	619
656	703
656	730
656	741
657	78
657	213
657	224
657	337
657	406
657	446
657	495
657	580
657	667
657	712
657	776
658	148
658	378
658	523
658	595
658	601
658	653
658	757
659	11
659	20
659	23
659	82
659	105
659	109
659	140
659	154
659	191
659	201
659	218
659	223
659	257
659	262
659	273
659	298
659	299
659	336
659	364
659	386
659	413
659	442
659	446
659	469
659	471
659	487
659	493
659	535
659	567
659	621
659	625
659	707
659	732
659	748
659	779
660	83
660	226
660	237
660	293
660	308
660	391
660	526
660	564
660	572
660	623
660	634
660	651
660	699
660	700
660	720
660	780
661	9
661	40
661	61
661	174
661	219
661	248
661	340
661	346
661	409
661	452
661	499
661	500
661	533
661	655
661	704
662	1
662	61
662	125
662	131
662	160
662	168
662	223
662	290
662	295
662	419
662	425
662	478
662	504
662	537
662	557
662	622
662	671
662	676
662	693
662	711
662	725
662	732
662	777
663	12
663	55
663	75
663	393
663	423
663	464
663	602
664	5
664	39
664	115
664	140
664	229
664	282
664	301
664	423
664	459
664	470
664	690
664	734
664	788
665	32
665	79
665	101
665	246
665	247
665	267
665	351
665	355
665	475
665	525
665	633
665	673
665	733
665	786
666	31
666	65
666	73
666	136
666	161
666	275
666	280
666	323
666	494
666	562
666	588
666	610
666	620
666	724
667	3
667	9
667	14
667	15
667	28
667	70
667	77
667	78
667	92
667	97
667	159
667	183
667	188
667	205
667	211
667	213
667	215
667	224
667	284
667	317
667	325
667	337
667	356
667	376
667	384
667	406
667	442
667	446
667	495
667	561
667	573
667	575
667	580
667	597
667	627
667	657
667	674
667	698
667	721
667	737
667	771
667	776
668	10
668	42
668	86
668	91
668	144
668	157
668	177
668	189
668	212
668	214
668	304
668	399
668	401
668	607
668	626
668	685
668	716
668	717
668	745
668	747
668	789
669	306
669	446
669	455
669	593
669	607
669	612
669	673
670	41
670	69
670	90
670	228
670	249
670	363
670	458
670	574
670	785
671	1
671	125
671	131
671	160
671	168
671	290
671	419
671	435
671	478
671	504
671	532
671	622
671	662
671	674
671	680
671	725
671	732
671	753
672	24
672	117
672	130
672	172
672	202
672	232
672	237
672	238
672	245
672	338
672	374
672	447
672	519
672	533
672	540
672	566
672	580
672	613
672	627
672	681
672	710
672	727
672	749
672	750
672	790
673	4
673	28
673	56
673	78
673	114
673	130
673	151
673	173
673	215
673	260
673	283
673	292
673	306
673	309
673	316
673	318
673	339
673	347
673	370
673	392
673	412
673	418
673	437
673	445
673	455
673	509
673	513
673	528
673	533
673	559
673	575
673	579
673	593
673	599
673	607
673	609
673	631
673	640
673	665
673	669
673	691
673	761
673	782
673	784
674	3
674	9
674	14
674	15
674	17
674	28
674	58
674	77
674	78
674	87
674	97
674	103
674	104
674	109
674	167
674	170
674	175
674	183
674	184
674	188
674	211
674	213
674	224
674	284
674	317
674	325
674	337
674	341
674	355
674	356
674	371
674	384
674	397
674	406
674	446
674	495
674	508
674	561
674	580
674	597
674	622
674	627
674	654
674	667
674	671
674	698
674	701
674	738
674	776
675	22
675	51
675	53
675	55
675	63
675	66
675	81
675	110
675	196
675	203
675	241
675	268
675	272
675	280
675	370
675	403
675	405
675	407
675	449
675	505
675	506
675	511
675	542
675	545
675	611
675	612
675	639
675	643
675	679
675	686
675	701
675	702
675	740
675	768
676	73
676	91
676	118
676	130
676	169
676	189
676	192
676	208
676	221
676	334
676	361
676	382
676	394
676	417
676	569
676	575
676	629
676	639
676	650
676	662
676	709
676	737
676	749
676	754
677	67
677	283
677	298
677	320
677	439
677	467
677	495
677	504
677	604
678	79
678	89
678	95
678	123
678	142
678	147
678	291
678	388
678	426
678	472
678	477
678	544
678	552
678	590
678	625
678	689
679	55
679	86
679	268
679	340
679	611
679	675
679	686
680	1
680	131
680	275
680	290
680	295
680	386
680	425
680	478
680	504
680	622
680	671
680	725
680	747
681	24
681	117
681	130
681	138
681	172
681	202
681	220
681	232
681	234
681	237
681	245
681	338
681	364
681	374
681	385
681	436
681	447
681	479
681	519
681	672
681	710
681	727
681	750
681	767
681	790
682	184
682	212
682	297
682	448
682	512
682	732
682	770
683	33
683	34
683	94
683	134
683	293
683	353
683	526
683	600
683	700
683	720
683	758
684	18
684	37
684	47
684	68
684	106
684	126
684	139
684	148
684	168
684	182
684	207
684	311
684	350
684	352
684	378
684	455
684	460
684	494
684	510
684	514
684	522
684	523
684	551
684	583
684	592
684	595
684	601
684	612
684	618
684	620
684	635
684	642
684	648
684	653
684	695
684	763
684	792
685	64
685	86
685	177
685	424
685	466
685	626
685	668
685	716
685	747
685	760
685	765
685	789
686	53
686	55
686	63
686	111
686	150
686	196
686	203
686	241
686	268
686	272
686	289
686	372
686	403
686	407
686	437
686	449
686	478
686	505
686	506
686	511
686	545
686	587
686	593
686	611
686	612
686	639
686	649
686	675
686	679
686	689
686	701
686	702
686	718
686	740
686	759
686	766
686	768
686	797
687	135
687	149
687	163
687	276
687	336
687	376
687	578
687	649
688	32
688	244
688	246
688	355
688	515
688	516
688	536
688	557
688	616
688	636
688	752
688	772
688	786
688	795
689	50
689	79
689	95
689	123
689	147
689	204
689	259
689	320
689	348
689	349
689	352
689	386
689	421
689	426
689	472
689	477
689	544
689	552
689	582
689	625
689	678
689	686
690	2
690	5
690	16
690	39
690	45
690	52
690	68
690	96
690	105
690	115
690	149
690	150
690	158
690	176
690	178
690	180
690	199
690	229
690	243
690	252
690	278
690	282
690	287
690	301
690	314
690	331
690	348
690	381
690	423
690	459
690	470
690	522
690	548
690	585
690	607
690	664
690	734
690	768
690	778
691	81
691	99
691	151
691	215
691	306
691	309
691	339
691	370
691	442
691	455
691	509
691	559
691	593
691	607
691	609
691	673
691	761
692	91
692	182
692	293
692	394
692	629
692	709
692	737
692	754
693	1
693	94
693	131
693	160
693	168
693	187
693	290
693	295
693	405
693	419
693	425
693	478
693	495
693	504
693	622
693	662
693	699
693	725
693	728
694	51
694	132
694	264
694	432
694	490
694	583
694	743
694	744
695	148
695	153
695	182
695	383
695	494
695	510
695	583
695	595
695	653
695	684
695	700
695	759
696	57
696	65
696	73
696	280
696	448
696	588
696	610
696	615
696	724
697	76
697	194
697	289
697	387
697	410
697	451
697	562
697	608
698	9
698	28
698	78
698	211
698	213
698	224
698	320
698	325
698	337
698	346
698	369
698	406
698	446
698	495
698	580
698	627
698	667
698	674
698	704
698	776
699	57
699	83
699	134
699	164
699	226
699	293
699	308
699	492
699	526
699	660
699	693
699	700
699	720
699	758
700	8
700	33
700	94
700	121
700	134
700	208
700	225
700	226
700	250
700	293
700	308
700	462
700	492
700	521
700	526
700	600
700	623
700	651
700	660
700	683
700	695
700	699
700	720
700	749
700	758
701	8
701	53
701	55
701	63
701	102
701	196
701	203
701	241
701	268
701	314
701	372
701	407
701	449
701	505
701	506
701	587
701	611
701	612
701	674
701	675
701	686
701	702
701	741
702	268
702	270
702	449
702	506
702	612
702	675
702	686
702	701
703	345
703	375
703	400
703	442
703	450
703	489
703	656
704	61
704	64
704	192
704	452
704	655
704	661
704	698
705	121
705	134
705	226
705	333
705	600
705	720
705	758
706	79
706	95
706	123
706	147
706	349
706	552
706	616
707	11
707	93
707	109
707	376
707	442
707	659
707	732
708	46
708	74
708	99
708	107
708	197
708	210
708	235
708	270
708	296
708	299
708	311
708	319
708	328
708	365
708	434
708	440
708	509
708	526
708	566
708	588
708	719
708	723
708	729
708	738
708	751
708	797
708	800
709	28
709	91
709	118
709	169
709	180
709	189
709	206
709	208
709	221
709	230
709	245
709	333
709	361
709	382
709	389
709	394
709	416
709	437
709	450
709	476
709	549
709	565
709	575
709	629
709	676
709	692
709	737
709	749
709	754
709	756
710	24
710	123
710	130
710	172
710	237
710	238
710	245
710	429
710	518
710	522
710	672
710	681
710	727
711	1
711	125
711	131
711	160
711	168
711	218
711	295
711	352
711	405
711	448
711	478
711	498
711	504
711	575
711	622
711	662
711	725
712	71
712	75
712	242
712	274
712	490
712	652
712	657
712	744
713	62
713	124
713	294
713	383
713	439
713	465
713	467
714	29
714	72
714	76
714	289
714	331
714	375
714	387
714	428
714	430
715	12
715	184
715	212
715	297
715	302
715	441
715	496
715	764
716	10
716	42
716	86
716	128
716	144
716	154
716	177
716	214
716	310
716	399
716	401
716	424
716	430
716	569
716	626
716	633
716	668
716	685
716	717
716	745
716	747
716	789
717	86
717	144
717	177
717	360
717	668
717	716
717	745
718	33
718	407
718	506
718	511
718	545
718	612
718	686
719	46
719	95
719	99
719	107
719	197
719	216
719	235
719	267
719	270
719	296
719	319
719	328
719	406
719	425
719	473
719	566
719	708
719	723
719	751
719	800
720	8
720	33
720	69
720	94
720	121
720	130
720	134
720	152
720	186
720	225
720	226
720	252
720	255
720	293
720	322
720	351
720	418
720	462
720	465
720	526
720	567
720	581
720	651
720	660
720	683
720	699
720	700
720	705
720	758
720	780
721	28
721	78
721	213
721	224
721	446
721	495
721	568
721	580
721	667
721	776
722	47
722	102
722	148
722	311
722	378
722	526
722	583
722	601
722	653
722	792
723	46
723	97
723	235
723	267
723	328
723	566
723	708
723	719
724	57
724	61
724	65
724	73
724	120
724	129
724	136
724	161
724	181
724	196
724	217
724	275
724	280
724	323
724	343
724	358
724	396
724	457
724	506
724	540
724	562
724	588
724	610
724	620
724	628
724	666
724	696
724	792
724	797
725	1
725	11
725	66
725	131
725	160
725	168
725	240
725	244
725	265
725	290
725	295
725	326
725	333
725	335
725	349
725	405
725	419
725	425
725	459
725	477
725	478
725	504
725	580
725	599
725	622
725	639
725	646
725	662
725	671
725	680
725	693
725	711
725	728
725	752
726	43
726	132
726	242
726	332
726	357
726	404
726	490
727	24
727	105
727	117
727	130
727	138
727	188
727	237
727	245
727	305
727	338
727	385
727	518
727	622
727	672
727	681
727	710
728	55
728	131
728	168
728	290
728	387
728	419
728	425
728	478
728	504
728	599
728	601
728	622
728	693
728	725
729	210
729	235
729	267
729	352
729	370
729	708
729	738
730	66
730	119
730	185
730	400
730	450
730	489
730	619
730	626
730	656
731	31
731	51
731	80
731	91
731	274
731	490
731	504
731	652
731	743
731	744
732	11
732	19
732	20
732	23
732	82
732	100
732	103
732	105
732	109
732	140
732	163
732	165
732	191
732	195
732	201
732	218
732	223
732	254
732	257
732	262
732	273
732	291
732	299
732	316
732	360
732	362
732	364
732	376
732	386
732	413
732	442
732	469
732	471
732	487
732	493
732	535
732	541
732	553
732	560
732	621
732	625
732	630
732	659
732	662
732	671
732	682
732	707
732	748
733	78
733	101
733	247
733	351
733	355
733	557
733	566
733	587
733	633
733	665
733	786
734	2
734	5
734	16
734	39
734	52
734	56
734	68
734	99
734	115
734	150
734	176
734	178
734	180
734	190
734	199
734	229
734	243
734	278
734	282
734	287
734	301
734	314
734	331
734	364
734	378
734	423
734	442
734	459
734	470
734	478
734	522
734	548
734	626
734	664
734	690
734	761
734	778
734	788
735	184
735	213
735	297
735	441
735	448
735	512
735	634
735	764
736	85
736	149
736	163
736	336
736	409
736	488
736	507
736	606
737	91
737	118
737	168
737	169
737	189
737	208
737	221
737	230
737	334
737	361
737	382
737	389
737	394
737	415
737	416
737	417
737	437
737	476
737	523
737	538
737	549
737	569
737	575
737	601
737	629
737	643
737	650
737	667
737	676
737	692
737	709
737	749
737	751
737	754
738	46
738	99
738	197
738	210
738	216
738	235
738	319
738	365
738	440
738	484
738	571
738	674
738	708
738	729
738	751
738	800
739	67
739	124
739	259
739	334
739	443
739	467
739	485
739	540
740	55
740	213
740	241
740	268
740	285
740	675
740	686
741	66
741	345
741	400
741	489
741	495
741	656
741	701
742	40
742	61
742	164
742	193
742	230
742	239
742	452
742	499
743	31
743	59
743	63
743	80
743	93
743	132
743	242
743	311
743	404
743	432
743	482
743	490
743	542
743	622
743	641
743	652
743	694
743	731
743	744
744	51
744	59
744	80
744	93
744	357
744	441
744	445
744	490
744	694
744	712
744	731
744	743
745	18
745	42
745	86
745	95
745	97
745	113
745	128
745	177
745	401
745	424
745	481
745	626
745	668
745	716
745	717
745	747
745	760
746	32
746	253
746	355
746	557
746	629
746	633
746	636
746	786
747	42
747	86
747	113
747	144
747	157
747	169
747	424
747	481
747	620
747	668
747	680
747	685
747	716
747	745
747	760
748	105
748	109
748	191
748	223
748	276
748	299
748	364
748	471
748	594
748	659
748	732
749	6
749	27
749	79
749	91
749	169
749	189
749	206
749	208
749	221
749	230
749	334
749	361
749	382
749	389
749	394
749	437
749	538
749	549
749	575
749	604
749	629
749	643
749	650
749	672
749	676
749	700
749	709
749	737
749	754
749	756
749	796
750	24
750	138
750	172
750	222
750	245
750	526
750	672
750	681
751	74
751	99
751	107
751	210
751	216
751	235
751	267
751	319
751	328
751	478
751	598
751	708
751	719
751	737
751	738
752	1
752	131
752	168
752	240
752	290
752	348
752	478
752	504
752	622
752	688
752	725
753	12
753	88
753	393
753	468
753	571
753	637
753	671
753	771
754	33
754	85
754	91
754	118
754	141
754	169
754	189
754	206
754	208
754	221
754	230
754	321
754	334
754	361
754	382
754	394
754	406
754	416
754	437
754	446
754	476
754	493
754	549
754	569
754	575
754	629
754	650
754	676
754	692
754	709
754	737
754	749
754	756
755	53
755	55
755	63
755	149
755	196
755	268
755	332
755	449
755	506
755	571
755	611
755	612
755	759
756	91
756	189
756	206
756	230
756	394
756	476
756	549
756	575
756	601
756	638
756	709
756	749
756	754
756	772
757	65
757	69
757	143
757	195
757	228
757	250
757	329
757	408
757	439
757	454
757	458
757	658
758	8
758	33
758	39
758	79
758	83
758	85
758	121
758	134
758	147
758	152
758	186
758	225
758	226
758	255
758	276
758	293
758	308
758	322
758	409
758	460
758	462
758	526
758	564
758	567
758	581
758	600
758	617
758	623
758	638
758	683
758	699
758	700
758	705
758	720
759	53
759	55
759	63
759	196
759	268
759	407
759	441
759	505
759	611
759	612
759	648
759	686
759	695
759	755
759	766
760	22
760	86
760	304
760	424
760	685
760	745
760	747
761	37
761	78
761	114
761	151
761	188
761	215
761	260
761	306
761	309
761	316
761	318
761	339
761	340
761	342
761	370
761	455
761	509
761	528
761	559
761	593
761	607
761	640
761	673
761	691
761	734
761	784
762	79
762	95
762	123
762	224
762	391
762	544
762	552
763	148
763	311
763	352
763	390
763	583
763	601
763	635
763	653
763	684
764	38
764	119
764	125
764	184
764	187
764	212
764	297
764	302
764	400
764	441
764	448
764	584
764	634
764	715
764	735
764	770
765	104
765	271
765	332
765	516
765	539
765	546
765	558
765	685
766	53
766	55
766	108
766	203
766	410
766	611
766	612
766	686
766	759
766	797
767	24
767	130
767	232
767	295
767	518
767	613
767	681
768	55
768	81
768	203
768	268
768	290
768	505
768	611
768	675
768	686
768	690
769	12
769	324
769	336
769	393
769	468
769	479
769	799
770	9
770	184
770	261
770	297
770	448
770	532
770	584
770	682
770	764
771	12
771	46
771	75
771	88
771	133
771	167
771	179
771	255
771	307
771	324
771	327
771	393
771	468
771	497
771	568
771	571
771	667
771	753
771	799
772	32
772	253
772	355
772	514
772	577
772	688
772	756
772	786
773	12
773	95
773	179
773	181
773	324
773	393
773	468
773	781
773	799
774	34
774	164
774	170
774	224
774	287
774	312
774	330
774	779
775	35
775	76
775	194
775	262
775	410
775	517
775	570
775	608
776	3
776	8
776	9
776	14
776	15
776	17
776	26
776	28
776	58
776	64
776	77
776	78
776	97
776	99
776	106
776	159
776	183
776	188
776	211
776	213
776	224
776	235
776	282
776	325
776	337
776	341
776	356
776	371
776	384
776	385
776	397
776	406
776	446
776	477
776	495
776	504
776	553
776	573
776	580
776	597
776	627
776	654
776	657
776	667
776	674
776	698
776	721
777	1
777	131
777	381
777	478
777	504
777	518
777	662
778	5
778	39
778	115
778	150
778	229
778	278
778	282
778	301
778	354
778	423
778	429
778	459
778	513
778	690
778	734
778	788
779	34
779	102
779	164
779	209
779	312
779	429
779	431
779	521
779	659
779	774
780	83
780	85
780	94
780	121
780	152
780	225
780	226
780	293
780	383
780	526
780	565
780	581
780	660
780	720
781	12
781	75
781	88
781	105
781	167
781	179
781	307
781	311
781	393
781	468
781	488
781	568
781	602
781	637
781	773
781	799
782	107
782	114
782	370
782	455
782	593
782	607
782	673
783	1
783	122
783	131
783	168
783	478
783	504
783	622
784	38
784	198
784	201
784	215
784	292
784	299
784	306
784	309
784	316
784	355
784	370
784	412
784	445
784	455
784	509
784	513
784	528
784	593
784	607
784	631
784	673
784	761
785	149
785	163
785	276
785	336
785	406
785	409
785	596
785	670
786	32
786	36
786	101
786	103
786	115
786	150
786	171
786	246
786	247
786	261
786	285
786	355
786	388
786	437
786	475
786	515
786	524
786	525
786	536
786	541
786	557
786	616
786	633
786	636
786	645
786	665
786	688
786	733
786	746
786	772
787	48
787	124
787	205
787	415
787	439
787	586
787	615
788	39
788	115
788	229
788	282
788	302
788	664
788	734
788	778
789	10
789	86
789	113
789	128
789	208
789	215
789	304
789	401
789	424
789	481
789	580
789	626
789	668
789	685
789	716
790	8
790	24
790	117
790	130
790	138
790	232
790	237
790	245
790	293
790	519
790	540
790	580
790	672
790	681
791	184
791	212
791	261
791	297
791	302
791	441
791	499
791	576
791	590
791	624
791	634
792	29
792	47
792	96
792	106
792	212
792	352
792	378
792	460
792	494
792	510
792	523
792	525
792	583
792	592
792	601
792	635
792	653
792	684
792	722
792	724
793	136
793	259
793	354
793	368
793	465
793	515
793	647
794	104
794	144
794	309
794	332
794	438
794	461
794	632
795	32
795	355
795	375
795	397
795	633
795	636
795	688
796	6
796	189
796	230
796	437
796	549
796	575
796	749
797	53
797	55
797	196
797	268
797	318
797	511
797	611
797	612
797	686
797	708
797	724
797	766
798	34
798	102
798	164
798	177
798	350
798	429
798	547
799	12
799	24
799	307
799	353
799	382
799	393
799	464
799	769
799	771
799	773
799	781
800	46
800	74
800	99
800	210
800	216
800	235
800	249
800	270
800	566
800	587
800	708
800	719
800	738
