1	21
1	51
1	88
1	91
1	112
1	141
1	166
1	194
1	196
1	200
1	207
1	213
1	227
1	229
1	239
1	241
1	337
1	344
1	358
1	371
1	389
2	36
2	69
2	93
2	174
2	223
2	224
2	240
2	250
2	257
2	265
2	308
2	311
2	337
2	350
2	352
2	360
2	379
2	385
2	397
3	23
3	64
3	89
3	252
3	260
3	263
3	394
4	38
4	65
4	189
4	233
4	244
4	255
4	346
5	37
5	76
5	77
5	112
5	196
5	201
5	268
5	312
5	339
6	7
6	26
6	58
6	76
6	172
6	203
6	230
6	245
6	302
6	305
6	345
7	6
7	9
7	68
7	86
7	90
7	103
7	172
7	183
7	211
7	225
7	230
7	231
7	293
7	296
7	302
7	317
7	330
7	334
7	335
7	338
7	345
7	368
8	43
8	58
8	96
8	178
8	197
8	219
8	266
8	287
9	7
9	33
9	35
9	40
9	82
9	110
9	129
9	130
9	149
9	188
9	200
9	206
9	215
9	283
9	292
9	303
9	327
10	19
10	38
10	47
10	63
10	121
10	138
10	139
10	159
10	167
10	178
10	234
10	247
10	276
10	278
10	295
10	299
10	364
10	380
11	37
11	76
11	174
11	179
11	196
11	268
11	298
11	339
11	372
11	386
12	13
12	39
12	47
12	61
12	66
12	70
12	77
12	80
12	127
12	221
12	243
12	269
12	297
12	373
13	12
13	31
13	39
13	47
13	51
13	59
13	60
13	64
13	66
13	70
13	80
13	93
13	98
13	114
13	132
13	142
13	210
13	211
13	212
13	218
13	221
13	243
13	256
13	269
13	279
13	297
13	377
13	400
14	37
14	81
14	155
14	156
14	251
14	280
14	285
15	25
15	121
15	157
15	165
15	180
15	191
15	202
15	234
15	249
15	279
15	365
15	366
15	387
15	388
16	23
16	71
16	91
16	252
16	260
16	263
16	394
17	49
17	68
17	83
17	95
17	118
17	270
17	276
17	284
17	294
17	333
17	361
17	393
18	19
18	38
18	63
18	66
18	226
18	380
18	398
19	10
19	18
19	33
19	38
19	63
19	94
19	117
19	122
19	138
19	139
19	154
19	157
19	159
19	167
19	185
19	209
19	222
19	226
19	234
19	247
19	274
19	278
19	285
19	295
19	317
19	322
19	358
19	364
19	370
19	380
19	398
20	125
20	153
20	262
20	282
20	286
20	349
20	378
21	1
21	87
21	98
21	112
21	158
21	166
21	194
21	200
21	207
21	213
21	239
21	245
21	336
21	344
21	358
21	371
21	389
22	36
22	37
22	55
22	64
22	76
22	77
22	91
22	98
22	174
22	201
22	268
22	298
22	339
23	3
23	16
23	49
23	53
23	59
23	62
23	63
23	64
23	71
23	73
23	87
23	98
23	101
23	109
23	113
23	115
23	128
23	131
23	145
23	150
23	152
23	175
23	176
23	179
23	182
23	192
23	193
23	224
23	237
23	242
23	246
23	248
23	252
23	260
23	261
23	263
23	299
23	318
23	319
23	328
23	331
23	338
23	353
23	356
23	362
23	363
23	379
23	391
23	394
23	399
24	37
24	76
24	91
24	98
24	196
24	268
24	332
24	339
24	341
24	394
25	15
25	29
25	154
25	165
25	195
25	228
25	348
25	362
26	6
26	108
26	172
26	199
26	203
26	302
26	304
26	345
27	33
27	39
27	54
27	74
27	82
27	98
27	110
27	129
27	130
27	170
27	205
27	215
27	283
27	288
27	381
28	127
28	141
28	194
28	200
28	213
28	344
28	371
29	25
29	60
29	137
29	152
29	165
29	171
29	173
29	180
29	191
29	195
29	228
29	238
29	249
29	264
29	279
29	293
29	315
29	348
29	360
29	365
29	366
29	373
29	387
29	391
29	395
30	68
30	83
30	162
30	261
30	265
30	270
30	282
30	291
30	361
30	378
31	13
31	39
31	66
31	70
31	127
31	210
31	243
31	269
31	383
31	394
32	46
32	48
32	56
32	70
32	81
32	90
32	116
32	119
32	134
32	150
32	155
32	164
32	166
32	198
32	208
32	220
32	251
32	258
32	280
32	285
32	323
32	326
32	358
32	373
32	383
33	9
33	19
33	27
33	35
33	74
33	82
33	110
33	129
33	130
33	170
33	252
33	283
33	357
33	369
34	100
34	101
34	134
34	155
34	156
34	183
34	220
34	251
34	280
34	285
34	293
34	344
35	9
35	33
35	40
35	41
35	74
35	82
35	91
35	110
35	125
35	129
35	130
35	149
35	170
35	179
35	205
35	215
35	233
35	283
35	292
35	320
35	327
35	346
35	369
35	390
36	2
36	22
36	42
36	93
36	164
36	240
36	250
36	257
36	271
36	272
36	275
36	302
36	308
36	318
36	337
36	350
36	352
36	360
36	397
37	5
37	11
37	14
37	22
37	24
37	44
37	48
37	55
37	61
37	75
37	76
37	77
37	78
37	91
37	93
37	97
37	98
37	104
37	106
37	111
37	123
37	131
37	148
37	169
37	172
37	174
37	178
37	184
37	185
37	194
37	196
37	201
37	222
37	244
37	259
37	265
37	268
37	298
37	303
37	310
37	314
37	324
37	332
37	339
37	340
37	371
37	382
38	4
38	10
38	18
38	19
38	114
38	117
38	138
38	159
38	226
38	234
38	268
38	274
38	278
38	290
38	295
38	299
38	322
38	364
38	370
38	380
38	398
39	12
39	13
39	27
39	31
39	47
39	59
39	66
39	70
39	105
39	129
39	142
39	212
39	217
39	218
39	221
39	232
39	256
39	268
39	269
39	297
39	377
39	400
40	9
40	35
40	110
40	129
40	130
40	170
40	179
40	185
40	201
40	253
40	277
40	283
40	369
40	391
41	35
41	110
41	130
41	146
41	170
41	179
41	188
41	194
41	283
41	292
41	311
41	384
42	36
42	189
42	209
42	236
42	255
42	289
42	316
43	8
43	96
43	219
43	248
43	283
43	320
43	372
44	37
44	61
44	91
44	98
44	185
44	196
44	201
44	292
44	298
44	339
44	362
44	369
45	61
45	77
45	98
45	178
45	196
45	201
45	277
45	298
45	339
46	32
46	50
46	81
46	90
46	100
46	120
46	134
46	155
46	193
46	198
46	208
46	239
46	251
46	252
46	258
46	280
46	285
47	10
47	12
47	13
47	39
47	70
47	80
47	114
47	117
47	210
47	269
47	297
48	32
48	37
48	76
48	77
48	98
48	174
48	196
49	17
49	23
49	53
49	59
49	62
49	64
49	71
49	87
49	115
49	128
49	144
49	176
49	186
49	192
49	193
49	246
49	252
49	260
49	263
49	286
49	319
49	328
49	353
49	368
49	376
49	391
49	394
50	46
50	87
50	96
50	101
50	155
50	251
50	280
50	285
50	376
50	383
51	1
51	13
51	59
51	66
51	70
51	77
51	80
51	84
51	221
51	297
52	88
52	141
52	185
52	200
52	227
52	239
52	299
52	344
52	358
52	371
53	23
53	49
53	62
53	64
53	87
53	128
53	182
53	252
53	260
53	294
53	309
53	319
53	356
53	394
54	27
54	110
54	130
54	170
54	257
54	283
54	292
55	22
55	37
55	61
55	67
55	75
55	76
55	77
55	91
55	98
55	104
55	154
55	174
55	184
55	194
55	196
55	201
55	268
55	298
55	334
55	339
55	370
56	32
56	90
56	119
56	155
56	156
56	164
56	232
56	258
56	280
56	306
56	340
57	93
57	140
57	151
57	199
57	308
57	337
57	350
58	6
58	8
58	96
58	133
58	147
58	168
58	219
58	248
58	254
58	266
58	287
58	320
58	348
58	359
58	372
58	394
59	13
59	23
59	39
59	49
59	51
59	66
59	70
59	84
59	132
59	210
59	212
59	217
59	218
59	263
59	269
59	297
59	310
59	377
59	400
60	13
60	29
60	124
60	128
60	141
60	166
60	170
60	194
60	200
60	213
60	239
60	281
60	288
60	344
60	358
60	371
61	12
61	37
61	44
61	45
61	55
61	76
61	77
61	91
61	98
61	174
61	184
61	185
61	196
61	201
61	268
61	295
61	298
61	305
61	322
61	339
62	23
62	49
62	53
62	64
62	80
62	87
62	91
62	144
62	246
62	252
62	260
62	263
62	319
62	369
62	394
63	10
63	18
63	19
63	23
63	130
63	139
63	145
63	157
63	167
63	222
63	226
63	247
63	274
63	280
63	299
63	317
63	322
63	364
63	370
63	380
63	398
64	3
64	13
64	22
64	23
64	49
64	53
64	62
64	71
64	73
64	78
64	87
64	93
64	109
64	113
64	115
64	128
64	131
64	141
64	152
64	160
64	163
64	182
64	192
64	193
64	219
64	224
64	237
64	242
64	246
64	252
64	260
64	263
64	319
64	326
64	328
64	331
64	353
64	356
64	362
64	363
64	376
64	379
64	391
64	394
64	395
64	399
65	4
65	77
65	209
65	236
65	244
65	255
65	280
65	289
65	321
66	12
66	13
66	18
66	31
66	39
66	51
66	59
66	70
66	84
66	114
66	158
66	212
66	217
66	221
66	250
66	269
66	377
67	55
67	96
67	106
67	133
67	145
67	197
67	219
67	248
67	254
67	276
67	287
67	359
68	7
68	17
68	30
68	102
68	135
68	162
68	236
68	270
68	284
68	286
68	291
68	309
68	333
68	353
68	378
68	381
69	2
69	93
69	139
69	240
69	250
69	268
69	271
69	337
69	343
70	12
70	13
70	31
70	32
70	39
70	47
70	51
70	59
70	66
70	84
70	105
70	114
70	132
70	142
70	174
70	186
70	210
70	217
70	218
70	221
70	238
70	243
70	256
70	269
70	297
70	319
70	368
70	377
70	400
71	16
71	23
71	49
71	64
71	87
71	115
71	131
71	152
71	174
71	176
71	193
71	252
71	260
71	261
71	263
71	266
71	319
71	394
71	397
72	90
72	100
72	101
72	105
72	232
72	251
72	258
72	280
72	377
73	23
73	64
73	87
73	88
73	115
73	128
73	175
73	204
73	246
73	252
73	260
73	261
73	263
73	308
73	319
73	336
73	363
73	391
73	394
74	27
74	33
74	35
74	110
74	130
74	146
74	257
75	37
75	55
75	76
75	91
75	98
75	174
75	184
75	194
75	196
75	201
75	268
75	275
75	339
75	356
76	5
76	6
76	11
76	22
76	24
76	37
76	48
76	55
76	61
76	75
76	77
76	91
76	98
76	104
76	111
76	148
76	174
76	175
76	178
76	181
76	184
76	185
76	196
76	200
76	201
76	240
76	255
76	268
76	298
76	310
76	314
76	332
76	339
76	340
76	342
76	382
77	5
77	12
77	22
77	37
77	45
77	48
77	51
77	55
77	61
77	65
77	76
77	91
77	96
77	98
77	104
77	111
77	120
77	174
77	178
77	185
77	196
77	201
77	268
77	298
77	310
77	324
77	332
77	337
77	339
78	37
78	64
78	98
78	174
78	196
78	217
78	268
78	298
78	339
79	95
79	118
79	125
79	170
79	255
79	286
79	349
80	12
80	13
80	47
80	51
80	62
80	84
80	190
80	218
80	243
80	269
80	297
80	330
80	400
81	14
81	32
81	46
81	90
81	98
81	100
81	155
81	180
81	251
81	280
81	285
82	9
82	27
82	33
82	35
82	130
82	146
82	283
82	344
83	17
83	30
83	95
83	135
83	153
83	269
83	333
83	391
84	51
84	59
84	66
84	70
84	80
84	118
84	157
84	210
84	226
84	243
84	269
84	400
85	94
85	112
85	141
85	155
85	194
85	200
85	207
85	213
85	234
85	239
85	344
85	358
85	371
86	7
86	128
86	172
86	230
86	293
86	302
86	334
86	335
86	336
87	21
87	23
87	49
87	50
87	53
87	62
87	64
87	71
87	73
87	109
87	113
87	115
87	126
87	128
87	131
87	135
87	144
87	145
87	152
87	160
87	175
87	176
87	182
87	192
87	200
87	224
87	237
87	242
87	246
87	248
87	251
87	252
87	260
87	261
87	263
87	296
87	319
87	331
87	344
87	353
87	356
87	363
87	376
87	391
87	394
88	1
88	52
88	73
88	112
88	141
88	190
88	194
88	200
88	213
88	229
88	239
88	285
88	325
88	329
88	344
88	358
88	371
88	389
89	3
89	144
89	172
89	203
89	216
89	227
89	230
89	262
89	293
89	302
89	330
89	338
90	7
90	32
90	46
90	56
90	72
90	81
90	100
90	101
90	116
90	119
90	150
90	155
90	156
90	198
90	206
90	232
90	251
90	258
90	263
90	269
90	273
90	280
90	285
90	314
90	323
90	326
90	338
91	1
91	16
91	22
91	24
91	35
91	37
91	44
91	55
91	61
91	62
91	75
91	76
91	77
91	97
91	98
91	104
91	111
91	112
91	123
91	169
91	174
91	178
91	182
91	184
91	185
91	196
91	201
91	268
91	298
91	314
91	324
91	332
91	339
91	382
91	383
92	194
92	200
92	213
92	227
92	249
92	344
92	358
93	2
93	13
93	36
93	37
93	57
93	64
93	69
93	110
93	151
93	161
93	223
93	240
93	250
93	257
93	265
93	271
93	272
93	275
93	289
93	300
93	308
93	312
93	315
93	318
93	337
93	343
93	350
93	351
93	355
93	357
93	360
93	386
93	397
94	19
94	85
94	117
94	139
94	278
94	291
94	322
94	364
94	380
95	17
95	79
95	83
95	118
95	121
95	125
95	135
95	139
95	236
95	261
95	270
95	284
95	291
95	309
95	333
95	349
95	378
96	8
96	43
96	50
96	58
96	67
96	77
96	108
96	130
96	133
96	136
96	147
96	168
96	186
96	187
96	197
96	207
96	219
96	248
96	254
96	266
96	267
96	276
96	287
96	293
96	301
96	313
96	320
96	341
96	359
96	363
96	372
96	385
96	400
97	37
97	91
97	98
97	253
97	268
97	339
97	365
98	13
98	21
98	22
98	23
98	24
98	27
98	37
98	44
98	45
98	48
98	55
98	61
98	75
98	76
98	77
98	78
98	81
98	91
98	97
98	104
98	106
98	111
98	123
98	128
98	153
98	169
98	174
98	178
98	184
98	185
98	196
98	201
98	259
98	268
98	298
98	303
98	308
98	310
98	314
98	324
98	332
98	333
98	339
98	382
99	172
99	177
99	262
99	287
99	296
99	330
99	368
99	392
100	34
100	46
100	72
100	81
100	90
100	119
100	123
100	143
100	155
100	156
100	164
100	194
100	195
100	198
100	206
100	208
100	251
100	258
100	280
100	285
100	327
100	374
100	383
101	23
101	34
101	50
101	72
101	90
101	110
101	119
101	155
101	251
101	258
101	285
101	299
102	68
102	121
102	137
102	162
102	258
102	291
102	309
103	7
103	126
103	136
103	161
103	169
103	183
103	230
103	231
103	293
103	304
103	330
103	345
103	368
104	37
104	55
104	76
104	77
104	91
104	98
104	169
104	174
104	184
104	185
104	196
104	201
104	260
104	268
104	298
104	339
104	350
104	375
105	39
105	70
105	72
105	127
105	146
105	217
105	221
105	243
105	400
106	37
106	67
106	98
106	174
106	185
106	196
106	201
106	260
106	268
106	339
107	165
107	180
107	195
107	249
107	263
107	348
107	387
108	26
108	96
108	136
108	165
108	186
108	219
108	263
108	276
108	301
108	320
108	372
109	23
109	64
109	87
109	201
109	252
109	260
109	263
109	319
109	394
110	9
110	27
110	33
110	35
110	40
110	41
110	54
110	74
110	93
110	101
110	129
110	130
110	146
110	149
110	160
110	170
110	172
110	179
110	188
110	205
110	215
110	253
110	271
110	277
110	283
110	284
110	292
110	327
110	369
110	381
111	37
111	76
111	77
111	91
111	98
111	141
111	174
111	196
111	210
111	212
111	268
111	298
111	339
112	1
112	5
112	21
112	85
112	88
112	91
112	124
112	141
112	166
112	167
112	190
112	194
112	198
112	200
112	207
112	213
112	227
112	239
112	283
112	336
112	344
112	358
112	371
112	389
112	396
113	23
113	64
113	87
113	192
113	255
113	260
113	310
113	319
113	391
114	13
114	38
114	47
114	66
114	70
114	269
114	297
114	324
115	23
115	49
115	64
115	71
115	73
115	87
115	128
115	150
115	180
115	192
115	210
115	237
115	246
115	251
115	252
115	260
115	263
115	319
115	363
115	394
116	32
116	90
116	155
116	164
116	189
116	206
116	219
116	232
116	251
116	258
116	280
116	285
117	19
117	38
117	47
117	94
117	278
117	364
117	380
118	17
118	79
118	84
118	95
118	153
118	309
118	349
118	378
119	32
119	56
119	90
119	100
119	101
119	141
119	143
119	149
119	155
119	156
119	164
119	198
119	213
119	251
119	258
119	280
119	285
119	323
119	339
119	374
119	383
120	46
120	77
120	150
120	164
120	233
120	280
120	285
121	10
121	15
121	95
121	102
121	135
121	153
121	270
121	282
121	284
121	333
121	378
122	19
122	195
122	247
122	361
122	364
122	370
122	380
123	37
123	91
123	98
123	100
123	174
123	185
123	268
123	339
124	60
124	112
124	141
124	166
124	194
124	200
124	227
124	259
124	344
124	358
124	371
124	394
125	20
125	35
125	79
125	95
125	153
125	192
125	349
126	87
126	103
126	177
126	199
126	216
126	225
126	293
126	296
126	300
126	302
126	304
126	334
126	335
126	342
127	12
127	28
127	31
127	105
127	170
127	218
127	269
128	23
128	49
128	53
128	60
128	64
128	73
128	86
128	87
128	98
128	115
128	144
128	182
128	192
128	207
128	224
128	230
128	237
128	242
128	246
128	252
128	260
128	263
128	319
128	363
128	391
128	394
129	9
129	27
129	33
129	35
129	39
129	40
129	110
129	130
129	146
129	149
129	170
129	178
129	182
129	188
129	205
129	250
129	283
129	369
129	390
130	9
130	27
130	33
130	35
130	40
130	41
130	54
130	63
130	74
130	82
130	96
130	110
130	129
130	146
130	149
130	170
130	179
130	188
130	196
130	205
130	215
130	239
130	253
130	277
130	278
130	283
130	292
130	327
130	369
130	381
130	390
130	400
131	23
131	37
131	64
131	71
131	87
131	172
131	237
131	246
131	260
131	263
131	319
131	391
131	394
132	13
132	59
132	70
132	171
132	173
132	210
132	269
133	58
133	67
133	96
133	194
133	248
133	266
133	287
133	301
133	337
133	372
134	32
134	34
134	46
134	155
134	198
134	220
134	251
134	280
134	282
134	285
134	358
135	68
135	83
135	87
135	95
135	121
135	153
135	162
135	229
135	282
135	284
135	327
135	361
135	378
136	96
136	103
136	108
136	219
136	248
136	266
136	287
136	313
136	320
136	341
136	372
137	29
137	102
137	165
137	180
137	213
137	228
137	251
137	264
137	315
137	348
137	366
137	373
137	387
137	388
137	395
138	10
138	19
138	38
138	222
138	364
138	380
138	387
139	10
139	19
139	63
139	69
139	94
139	95
139	157
139	159
139	167
139	170
139	226
139	234
139	247
139	274
139	278
139	295
139	298
139	364
139	370
139	398
140	57
140	237
140	240
140	250
140	308
140	311
140	320
140	337
140	360
141	1
141	28
141	52
141	60
141	64
141	85
141	88
141	111
141	112
141	119
141	124
141	158
141	166
141	190
141	194
141	195
141	200
141	207
141	213
141	227
141	229
141	236
141	239
141	279
141	281
141	288
141	290
141	316
141	344
141	358
141	371
141	384
141	389
141	393
142	13
142	39
142	70
142	210
142	221
142	269
142	291
142	384
143	100
143	119
143	206
143	251
143	280
143	285
143	302
143	344
144	49
144	62
144	87
144	89
144	128
144	246
144	247
144	252
144	260
144	319
144	325
144	394
145	23
145	63
145	67
145	87
145	252
145	263
145	391
145	394
146	41
146	74
146	82
146	105
146	110
146	129
146	130
146	149
146	170
146	277
146	281
146	283
146	292
146	332
147	58
147	96
147	186
147	219
147	248
147	266
147	283
147	351
147	359
147	360
147	372
147	385
148	37
148	76
148	196
148	268
148	298
148	339
148	344
149	9
149	35
149	110
149	119
149	129
149	130
149	146
149	170
149	188
149	197
149	205
149	253
149	319
149	327
150	23
150	32
150	90
150	115
150	120
150	251
150	280
150	285
151	57
151	93
151	250
151	265
151	285
151	312
151	337
151	360
151	378
152	23
152	29
152	64
152	71
152	87
152	187
152	252
152	260
152	263
152	319
152	391
153	20
153	83
153	98
153	118
153	121
153	125
153	135
153	286
153	291
153	344
153	361
154	19
154	25
154	55
154	165
154	180
154	195
154	238
154	249
154	264
154	348
154	365
154	373
154	387
154	388
154	395
155	14
155	32
155	34
155	46
155	50
155	56
155	81
155	85
155	90
155	100
155	101
155	116
155	119
155	134
155	164
155	194
155	196
155	206
155	208
155	221
155	232
155	251
155	258
155	266
155	273
155	280
155	285
155	326
155	374
156	14
156	34
156	56
156	90
156	100
156	119
156	198
156	212
156	251
156	258
156	273
156	280
156	285
156	311
156	314
157	15
157	19
157	63
157	84
157	139
157	226
157	274
157	380
158	21
158	66
158	141
158	194
158	200
158	213
158	344
158	384
159	10
159	19
159	38
159	139
159	191
159	222
159	278
159	299
159	319
159	322
159	339
159	364
159	380
159	398
160	64
160	87
160	110
160	182
160	192
160	252
160	260
160	263
160	269
160	319
160	394
161	93
161	103
161	233
161	254
161	255
161	305
161	321
161	367
162	30
162	68
162	102
162	135
162	270
162	326
162	378
163	64
163	189
163	203
163	209
163	236
163	255
163	305
163	321
163	329
163	392
164	32
164	36
164	56
164	100
164	116
164	119
164	120
164	155
164	243
164	251
164	258
164	280
164	285
164	344
164	383
165	15
165	25
165	29
165	107
165	108
165	137
165	154
165	171
165	180
165	191
165	195
165	214
165	233
165	279
165	315
165	388
166	1
166	21
166	32
166	60
166	112
166	124
166	141
166	189
166	190
166	194
166	200
166	213
166	233
166	239
166	241
166	264
166	281
166	344
166	358
166	371
166	389
166	396
167	10
167	19
167	63
167	112
167	139
167	274
167	322
167	339
167	380
168	58
168	96
168	207
168	219
168	266
168	287
168	372
169	37
169	91
169	98
169	103
169	104
169	174
169	192
169	196
169	268
169	298
169	339
170	27
170	33
170	35
170	40
170	41
170	54
170	60
170	79
170	110
170	127
170	129
170	130
170	139
170	146
170	149
170	179
170	205
170	215
170	253
170	277
170	283
170	292
170	327
170	369
170	381
170	386
170	390
171	29
171	132
171	165
171	195
171	231
171	238
171	249
171	365
172	6
172	7
172	26
172	37
172	86
172	89
172	99
172	110
172	131
172	177
172	216
172	222
172	296
172	302
172	330
172	342
172	345
172	368
173	29
173	132
173	180
173	264
173	365
173	387
173	388
174	2
174	11
174	22
174	37
174	48
174	55
174	61
174	70
174	71
174	75
174	76
174	77
174	78
174	91
174	98
174	104
174	106
174	111
174	123
174	169
174	178
174	184
174	185
174	196
174	201
174	216
174	252
174	268
174	298
174	303
174	310
174	314
174	316
174	324
174	332
174	339
174	340
174	358
174	360
174	382
174	394
175	23
175	73
175	76
175	87
175	200
175	260
175	263
175	394
176	23
176	49
176	71
176	87
176	252
176	288
176	394
177	99
177	126
177	172
177	211
177	231
177	235
177	293
177	302
178	8
178	10
178	37
178	45
178	76
178	77
178	91
178	98
178	129
178	174
178	184
178	185
178	196
178	201
178	268
178	298
178	339
179	11
179	23
179	35
179	40
179	41
179	110
179	130
179	170
179	215
179	253
179	283
179	324
180	15
180	29
180	81
180	107
180	115
180	137
180	154
180	165
180	173
180	191
180	195
180	202
180	238
180	279
180	285
180	373
180	388
180	395
181	76
181	236
181	244
181	255
181	305
181	329
181	377
182	23
182	53
182	64
182	87
182	91
182	128
182	129
182	160
182	196
182	209
182	237
182	246
182	252
182	260
182	261
182	263
182	319
182	391
182	394
183	7
183	34
183	103
183	211
183	296
183	302
183	368
184	37
184	55
184	61
184	75
184	76
184	91
184	98
184	104
184	174
184	178
184	185
184	196
184	201
184	268
184	274
184	298
184	307
184	332
184	339
184	394
184	399
185	19
185	37
185	40
185	44
185	52
185	61
185	76
185	77
185	91
185	98
185	104
185	106
185	123
185	174
185	178
185	184
185	196
185	201
185	268
185	298
185	319
185	332
185	339
186	49
186	70
186	96
186	108
186	147
186	197
186	248
186	254
186	320
186	359
187	96
187	152
187	191
187	219
187	248
187	267
187	287
187	341
187	359
187	372
188	9
188	41
188	110
188	129
188	130
188	149
188	192
188	239
188	283
188	292
189	4
189	42
189	116
189	163
189	166
189	209
189	233
189	255
189	294
189	306
189	321
189	329
189	350
189	375
189	392
190	80
190	88
190	112
190	141
190	166
190	194
190	200
190	207
190	213
190	226
190	227
190	240
190	344
190	358
190	389
191	15
191	29
191	159
191	165
191	180
191	187
191	264
191	348
192	23
192	49
192	64
192	87
192	113
192	115
192	125
192	128
192	160
192	169
192	188
192	252
192	260
192	263
192	319
192	360
192	363
192	391
192	394
192	399
193	23
193	46
193	49
193	64
193	71
193	195
193	252
193	260
193	263
193	319
193	368
193	394
194	1
194	21
194	28
194	37
194	41
194	55
194	60
194	75
194	85
194	88
194	92
194	100
194	112
194	124
194	133
194	141
194	155
194	158
194	166
194	190
194	200
194	207
194	213
194	227
194	229
194	239
194	241
194	281
194	288
194	290
194	336
194	344
194	358
194	371
194	384
194	389
194	393
194	396
195	25
195	29
195	100
195	107
195	122
195	141
195	154
195	165
195	171
195	180
195	193
195	202
195	228
195	238
195	315
195	335
195	348
195	365
195	373
195	387
195	388
195	395
196	1
196	5
196	11
196	24
196	37
196	44
196	45
196	48
196	55
196	61
196	75
196	76
196	77
196	78
196	91
196	98
196	104
196	106
196	111
196	130
196	148
196	155
196	169
196	174
196	178
196	182
196	184
196	185
196	201
196	208
196	260
196	268
196	285
196	298
196	303
196	314
196	324
196	332
196	339
196	340
196	388
196	390
197	8
197	67
197	96
197	149
197	186
197	205
197	219
197	248
197	266
197	341
198	32
198	46
198	90
198	100
198	112
198	119
198	134
198	156
198	217
198	220
198	223
198	232
198	251
198	280
198	285
198	383
199	26
199	57
199	126
199	204
199	230
199	338
199	368
200	1
200	9
200	21
200	28
200	52
200	60
200	76
200	85
200	87
200	88
200	92
200	112
200	124
200	141
200	158
200	166
200	175
200	190
200	194
200	207
200	213
200	227
200	229
200	236
200	239
200	272
200	281
200	288
200	336
200	339
200	344
200	358
200	371
200	384
200	389
200	393
200	396
201	5
201	22
201	37
201	40
201	44
201	45
201	55
201	61
201	75
201	76
201	77
201	91
201	98
201	104
201	106
201	109
201	174
201	178
201	184
201	185
201	196
201	219
201	268
201	271
201	298
201	303
201	314
201	317
201	332
201	337
201	339
202	15
202	180
202	195
202	220
202	228
202	315
202	348
202	366
202	394
203	6
203	26
203	89
203	163
203	204
203	237
203	293
203	296
203	302
204	73
204	199
204	203
204	245
204	302
204	334
204	342
205	27
205	35
205	110
205	129
205	130
205	149
205	170
205	197
205	285
205	369
205	381
206	9
206	90
206	100
206	116
206	143
206	155
206	208
206	220
206	248
206	251
206	258
206	280
206	285
206	397
207	1
207	21
207	85
207	96
207	112
207	128
207	141
207	168
207	190
207	194
207	200
207	213
207	227
207	228
207	229
207	239
207	241
207	287
207	344
207	358
207	371
207	389
207	393
208	32
208	46
208	100
208	155
208	196
208	206
208	258
208	280
208	285
208	329
209	19
209	42
209	65
209	163
209	182
209	189
209	233
209	236
209	246
209	255
209	280
209	294
209	305
209	306
209	316
209	321
209	367
210	13
210	31
210	47
210	59
210	70
210	84
210	111
210	115
210	132
210	142
210	217
210	221
210	269
210	297
210	358
210	377
211	7
211	13
211	177
211	183
211	216
211	225
211	262
211	293
211	334
211	335
211	337
211	342
211	345
211	368
212	13
212	39
212	59
212	66
212	111
212	156
212	269
212	377
212	400
213	1
213	21
213	28
213	60
213	85
213	88
213	92
213	112
213	119
213	137
213	141
213	158
213	166
213	190
213	194
213	200
213	207
213	215
213	229
213	239
213	244
213	252
213	281
213	288
213	328
213	344
213	358
213	371
213	388
213	393
214	165
214	233
214	255
214	289
214	305
214	329
214	367
215	9
215	27
215	35
215	110
215	130
215	170
215	179
215	213
215	281
215	283
215	292
215	390
216	89
216	126
216	172
216	174
216	211
216	225
216	252
216	296
216	302
216	334
216	335
216	368
217	39
217	59
217	66
217	70
217	78
217	105
217	198
217	210
217	243
217	269
217	318
217	400
218	13
218	39
218	59
218	70
218	80
218	127
218	256
218	269
218	284
218	335
219	8
219	43
219	58
219	64
219	67
219	96
219	108
219	116
219	136
219	147
219	168
219	187
219	197
219	201
219	239
219	248
219	251
219	266
219	267
219	276
219	287
219	301
219	313
219	320
219	341
219	359
219	364
219	372
219	385
220	32
220	34
220	134
220	198
220	202
220	206
220	251
220	259
220	280
220	285
221	12
221	13
221	39
221	51
221	66
221	70
221	105
221	142
221	155
221	210
221	269
221	297
221	358
222	19
222	37
222	63
222	138
222	159
222	172
222	278
222	295
222	317
222	322
222	332
222	364
222	380
222	398
223	2
223	93
223	198
223	240
223	250
223	265
223	318
223	337
223	360
223	386
224	2
224	23
224	64
224	87
224	128
224	252
224	263
224	319
224	349
224	387
224	391
225	7
225	126
225	211
225	216
225	245
225	293
225	302
225	319
226	18
226	19
226	38
226	63
226	84
226	139
226	157
226	190
226	299
226	364
226	380
227	1
227	52
227	89
227	92
227	112
227	124
227	141
227	190
227	194
227	200
227	207
227	239
227	264
227	308
227	344
227	358
227	371
228	25
228	29
228	137
228	195
228	202
228	207
228	329
228	388
229	1
229	88
229	135
229	141
229	194
229	200
229	207
229	213
229	239
229	255
229	344
229	358
229	393
230	6
230	7
230	86
230	89
230	103
230	128
230	199
230	231
230	245
230	302
230	335
230	352
230	368
231	7
231	103
231	171
231	177
231	230
231	293
231	302
231	319
232	39
232	56
232	72
232	90
232	116
232	155
232	198
232	251
232	274
232	280
232	285
233	4
233	35
233	120
233	161
233	165
233	166
233	189
233	209
233	214
233	236
233	255
233	285
233	289
233	294
233	305
233	306
233	307
233	321
233	329
233	346
233	347
233	367
233	375
233	392
234	10
234	15
234	19
234	38
234	85
234	139
234	274
234	364
234	370
234	380
235	177
235	236
235	244
235	255
235	298
235	305
235	321
236	42
236	65
236	68
236	95
236	141
236	163
236	181
236	200
236	209
236	233
236	235
236	244
236	255
236	263
236	289
236	294
236	305
236	306
236	307
236	316
236	321
236	329
236	346
236	347
236	354
236	375
236	392
237	23
237	64
237	87
237	115
237	128
237	131
237	140
237	182
237	203
237	246
237	252
237	260
237	263
237	298
237	319
237	321
237	331
237	394
238	29
238	70
238	154
238	171
238	180
238	195
238	264
238	344
238	348
238	366
238	373
238	387
238	388
239	1
239	21
239	46
239	52
239	60
239	85
239	88
239	112
239	130
239	141
239	166
239	188
239	194
239	200
239	207
239	213
239	219
239	227
239	229
239	262
239	263
239	281
239	288
239	290
239	336
239	344
239	358
239	371
239	389
239	393
239	396
240	2
240	36
240	69
240	76
240	93
240	140
240	190
240	223
240	250
240	257
240	271
240	308
240	337
240	343
240	346
240	360
240	386
240	394
240	397
241	1
241	166
241	194
241	207
241	249
241	344
241	358
241	371
241	379
242	23
242	64
242	87
242	128
242	252
242	263
242	319
242	372
243	12
243	13
243	31
243	70
243	80
243	84
243	105
243	164
243	217
243	248
243	269
243	348
243	400
244	4
244	37
244	65
244	181
244	213
244	235
244	236
244	250
244	255
244	305
244	306
244	321
244	329
244	347
244	367
244	375
244	392
245	6
245	21
245	204
245	225
245	230
245	293
245	295
245	296
245	302
245	304
245	368
246	23
246	49
246	62
246	64
246	73
246	87
246	115
246	128
246	131
246	144
246	182
246	209
246	237
246	252
246	260
246	282
246	301
246	319
246	345
246	363
246	394
247	10
247	19
247	63
247	122
247	139
247	144
247	278
247	289
247	299
247	364
247	398
248	23
248	43
248	58
248	67
248	87
248	96
248	133
248	136
248	147
248	186
248	187
248	197
248	206
248	219
248	243
248	266
248	276
248	283
248	287
248	301
248	341
248	359
248	372
249	15
249	29
249	92
249	107
249	154
249	171
249	241
249	264
249	315
249	348
249	388
250	2
250	36
250	66
250	69
250	93
250	129
250	140
250	151
250	223
250	240
250	244
250	257
250	260
250	265
250	271
250	272
250	275
250	287
250	300
250	308
250	311
250	312
250	318
250	319
250	337
250	343
250	350
250	351
250	352
250	355
250	357
250	360
250	386
250	389
250	397
251	14
251	32
251	34
251	46
251	50
251	72
251	81
251	87
251	90
251	100
251	101
251	115
251	116
251	119
251	134
251	137
251	143
251	150
251	155
251	156
251	164
251	198
251	206
251	219
251	220
251	232
251	258
251	273
251	274
251	275
251	280
251	285
251	296
251	298
251	323
251	326
251	374
252	3
252	16
252	23
252	33
252	46
252	49
252	53
252	62
252	64
252	71
252	73
252	87
252	109
252	115
252	128
252	144
252	145
252	152
252	160
252	174
252	176
252	182
252	192
252	193
252	213
252	216
252	224
252	237
252	242
252	246
252	260
252	261
252	263
252	302
252	319
252	325
252	328
252	331
252	337
252	339
252	353
252	356
252	362
252	363
252	364
252	379
252	391
252	394
253	40
253	97
253	110
253	130
253	149
253	170
253	179
254	58
254	67
254	96
254	161
254	186
254	287
254	372
254	398
255	4
255	42
255	65
255	76
255	79
255	113
255	161
255	163
255	181
255	189
255	209
255	214
255	229
255	233
255	235
255	236
255	244
255	289
255	294
255	305
255	306
255	316
255	321
255	329
255	347
255	354
255	356
255	367
255	375
255	378
255	392
256	13
256	39
256	70
256	218
256	269
256	388
256	400
257	2
257	36
257	54
257	74
257	93
257	240
257	250
257	337
257	360
257	386
258	32
258	46
258	56
258	72
258	90
258	100
258	101
258	102
258	116
258	119
258	155
258	156
258	164
258	206
258	208
258	251
258	264
258	280
258	285
258	333
258	372
258	374
258	383
259	37
259	98
259	124
259	220
259	268
259	298
259	339
260	3
260	16
260	23
260	49
260	53
260	62
260	64
260	71
260	73
260	87
260	104
260	106
260	109
260	113
260	115
260	128
260	131
260	144
260	152
260	160
260	175
260	182
260	192
260	193
260	196
260	237
260	246
260	250
260	252
260	261
260	263
260	278
260	283
260	302
260	319
260	325
260	328
260	331
260	347
260	353
260	356
260	363
260	364
260	376
260	379
260	380
260	391
260	394
260	399
261	23
261	30
261	71
261	73
261	87
261	95
261	182
261	252
261	260
261	319
261	329
261	356
261	394
262	20
262	89
262	99
262	211
262	239
262	293
262	296
262	330
262	342
263	3
263	16
263	23
263	49
263	59
263	62
263	64
263	71
263	73
263	87
263	90
263	107
263	108
263	109
263	115
263	128
263	131
263	145
263	152
263	160
263	175
263	182
263	192
263	193
263	224
263	236
263	237
263	239
263	242
263	252
263	260
263	268
263	298
263	319
263	328
263	331
263	343
263	353
263	356
263	363
263	376
263	391
263	394
263	399
264	29
264	137
264	154
264	166
264	173
264	191
264	227
264	238
264	249
264	258
264	348
264	366
265	2
265	30
265	37
265	93
265	151
265	223
265	250
265	308
265	312
265	337
265	350
265	360
265	386
266	8
266	58
266	71
266	96
266	133
266	136
266	147
266	155
266	168
266	197
266	219
266	248
266	277
266	287
266	301
266	313
266	323
266	341
266	372
266	385
267	96
267	187
267	219
267	287
267	306
267	320
267	341
268	5
268	11
268	22
268	24
268	37
268	38
268	39
268	55
268	61
268	69
268	75
268	76
268	77
268	78
268	91
268	97
268	98
268	104
268	106
268	111
268	123
268	148
268	169
268	174
268	178
268	184
268	185
268	196
268	201
268	259
268	263
268	269
268	292
268	298
268	303
268	308
268	310
268	314
268	319
268	324
268	332
268	337
268	339
268	340
268	382
269	12
269	13
269	31
269	39
269	47
269	59
269	66
269	70
269	80
269	83
269	84
269	90
269	114
269	127
269	132
269	142
269	160
269	210
269	212
269	217
269	218
269	221
269	243
269	256
269	268
269	297
269	358
269	377
270	17
270	30
270	68
270	95
270	121
270	162
270	305
270	361
270	389
271	36
271	69
271	93
271	110
271	201
271	240
271	250
271	308
271	311
271	318
271	337
271	360
271	383
272	36
272	93
272	200
272	250
272	311
272	337
272	350
272	360
273	90
273	155
273	156
273	251
273	280
273	285
273	361
274	19
274	38
274	63
274	139
274	157
274	167
274	184
274	232
274	234
274	251
274	295
274	299
274	322
274	364
274	380
274	398
275	36
275	75
275	93
275	250
275	251
275	308
275	337
275	350
275	360
276	10
276	17
276	67
276	96
276	108
276	219
276	248
276	301
276	341
276	372
277	40
277	45
277	110
277	130
277	146
277	170
277	266
277	283
278	10
278	19
278	38
278	94
278	117
278	130
278	139
278	159
278	222
278	247
278	260
278	295
278	299
278	301
278	364
279	13
279	15
279	29
279	141
279	165
279	180
279	348
279	387
279	395
280	14
280	32
280	34
280	46
280	50
280	56
280	63
280	65
280	72
280	81
280	90
280	100
280	116
280	119
280	120
280	134
280	143
280	150
280	155
280	156
280	164
280	198
280	206
280	208
280	209
280	220
280	232
280	251
280	258
280	273
280	285
280	298
280	300
280	313
280	323
280	326
280	374
280	375
280	389
281	60
281	141
281	146
281	166
281	194
281	200
281	213
281	215
281	239
281	344
281	358
281	371
282	20
282	30
282	121
282	134
282	135
282	246
282	378
283	9
283	27
283	33
283	35
283	40
283	41
283	43
283	54
283	82
283	110
283	112
283	129
283	130
283	146
283	147
283	170
283	179
283	188
283	215
283	248
283	260
283	277
283	292
283	327
283	369
283	381
283	390
284	17
284	68
284	95
284	110
284	121
284	135
284	218
284	361
285	14
285	19
285	32
285	34
285	46
285	50
285	81
285	88
285	90
285	100
285	101
285	116
285	119
285	120
285	134
285	143
285	150
285	151
285	155
285	156
285	164
285	180
285	196
285	198
285	205
285	206
285	208
285	220
285	232
285	233
285	251
285	258
285	273
285	280
285	321
285	323
285	383
286	20
286	49
286	68
286	79
286	153
286	309
286	333
286	378
287	8
287	58
287	67
287	96
287	99
287	133
287	136
287	168
287	187
287	207
287	219
287	248
287	250
287	254
287	266
287	267
287	302
287	313
287	341
287	359
287	372
287	385
288	27
288	60
288	141
288	176
288	194
288	200
288	213
288	239
288	344
288	358
288	371
289	42
289	65
289	93
289	214
289	233
289	236
289	247
289	255
289	354
289	367
289	392
290	38
290	141
290	194
290	239
290	344
290	358
290	398
291	30
291	68
291	94
291	95
291	102
291	142
291	153
291	333
291	361
292	9
292	35
292	41
292	44
292	54
292	110
292	130
292	146
292	170
292	188
292	215
292	268
292	283
293	7
293	29
293	34
293	86
293	89
293	96
293	103
293	126
293	177
293	203
293	211
293	225
293	231
293	245
293	262
293	296
293	302
293	305
293	330
293	338
293	368
294	17
294	53
294	189
294	209
294	233
294	236
294	255
294	305
294	329
294	392
295	10
295	19
295	38
295	61
295	139
295	222
295	245
295	274
295	278
295	322
295	364
295	398
296	7
296	87
296	99
296	126
296	172
296	183
296	203
296	216
296	245
296	251
296	262
296	293
296	302
296	304
296	334
296	359
296	366
297	12
297	13
297	39
297	47
297	51
297	59
297	70
297	80
297	114
297	210
297	221
297	269
297	306
297	374
297	398
298	11
298	22
298	37
298	44
298	45
298	55
298	61
298	76
298	77
298	78
298	91
298	98
298	104
298	111
298	139
298	148
298	169
298	174
298	178
298	184
298	185
298	196
298	201
298	235
298	237
298	251
298	259
298	263
298	268
298	280
298	303
298	314
298	324
298	328
298	332
298	339
299	10
299	23
299	38
299	52
299	63
299	101
299	159
299	226
299	247
299	274
299	278
299	317
299	322
299	364
299	380
299	398
300	93
300	126
300	250
300	280
300	337
300	357
300	360
301	96
301	108
301	133
301	219
301	246
301	248
301	266
301	276
301	278
301	372
302	6
302	7
302	26
302	36
302	86
302	89
302	126
302	143
302	172
302	177
302	183
302	203
302	204
302	216
302	225
302	230
302	231
302	245
302	252
302	260
302	287
302	293
302	296
302	304
302	330
302	334
302	335
302	338
302	342
302	345
302	368
302	371
303	9
303	37
303	98
303	174
303	196
303	201
303	268
303	298
303	339
304	26
304	103
304	126
304	245
304	296
304	302
304	395
305	6
305	61
305	161
305	163
305	181
305	209
305	214
305	233
305	235
305	236
305	244
305	255
305	270
305	293
305	294
305	306
305	307
305	321
305	329
305	339
305	346
305	347
305	375
305	392
306	56
306	189
306	209
306	233
306	236
306	244
306	255
306	267
306	297
306	305
306	307
306	321
306	329
306	347
306	392
307	184
307	233
307	236
307	305
307	306
307	321
307	363
308	2
308	36
308	57
308	73
308	93
308	98
308	140
308	227
308	240
308	250
308	265
308	268
308	271
308	275
308	311
308	312
308	318
308	337
308	343
308	350
308	353
308	386
308	397
309	53
309	68
309	95
309	102
309	118
309	286
309	361
310	37
310	59
310	76
310	77
310	98
310	113
310	174
310	268
310	339
311	2
311	41
311	140
311	156
311	250
311	271
311	272
311	308
311	337
311	350
311	357
312	5
312	93
312	151
312	250
312	265
312	308
312	318
312	337
312	352
313	96
313	136
313	219
313	266
313	280
313	287
313	359
314	37
314	76
314	90
314	91
314	98
314	156
314	174
314	196
314	201
314	268
314	298
314	339
315	29
315	93
315	137
315	165
315	195
315	202
315	249
316	42
316	141
316	174
316	209
316	236
316	255
316	321
316	375
316	392
317	7
317	19
317	63
317	201
317	222
317	299
317	364
317	380
318	23
318	36
318	93
318	217
318	223
318	250
318	271
318	308
318	312
318	337
318	341
318	350
318	351
318	355
319	23
319	49
319	53
319	62
319	64
319	70
319	71
319	73
319	87
319	109
319	113
319	115
319	128
319	131
319	144
319	149
319	152
319	159
319	160
319	182
319	185
319	192
319	193
319	224
319	225
319	231
319	237
319	242
319	246
319	250
319	252
319	260
319	261
319	263
319	268
319	325
319	328
319	331
319	347
319	362
319	376
319	379
319	382
319	391
319	394
320	35
320	43
320	58
320	96
320	108
320	136
320	140
320	186
320	219
320	267
320	341
320	359
320	372
320	380
321	65
321	161
321	163
321	189
321	209
321	233
321	235
321	236
321	237
321	244
321	255
321	285
321	305
321	306
321	307
321	316
321	329
321	343
321	346
321	347
321	354
321	367
321	375
321	380
321	382
321	392
322	19
322	38
322	61
322	63
322	94
322	159
322	167
322	222
322	274
322	295
322	299
322	339
322	364
322	371
322	380
322	398
323	32
323	90
323	119
323	251
323	266
323	280
323	285
323	332
324	37
324	77
324	91
324	98
324	114
324	174
324	179
324	196
324	268
324	298
324	339
325	88
325	144
325	252
325	260
325	319
325	355
325	394
326	32
326	64
326	90
326	155
326	162
326	251
326	280
327	9
327	35
327	100
327	110
327	130
327	135
327	149
327	170
327	283
327	390
328	23
328	49
328	64
328	213
328	252
328	260
328	263
328	298
328	319
328	394
329	88
329	163
329	181
329	189
329	208
329	214
329	228
329	233
329	236
329	244
329	255
329	261
329	294
329	305
329	306
329	321
329	354
329	392
330	7
330	80
330	89
330	99
330	103
330	172
330	262
330	293
330	302
330	364
330	368
330	371
331	23
331	64
331	87
331	237
331	252
331	260
331	263
331	319
331	339
331	389
332	24
332	37
332	76
332	77
332	91
332	98
332	146
332	174
332	184
332	185
332	196
332	201
332	222
332	268
332	298
332	323
332	339
333	17
333	68
333	83
333	95
333	98
333	121
333	258
333	286
333	291
333	378
334	7
334	55
334	86
334	126
334	204
334	211
334	216
334	296
334	302
334	345
334	365
335	7
335	86
335	126
335	195
335	211
335	216
335	218
335	230
335	302
335	368
336	21
336	73
336	86
336	112
336	194
336	200
336	239
336	344
336	358
336	371
337	1
337	2
337	36
337	57
337	69
337	77
337	93
337	133
337	140
337	151
337	201
337	211
337	223
337	240
337	250
337	252
337	257
337	265
337	268
337	271
337	272
337	275
337	300
337	308
337	311
337	312
337	318
337	343
337	350
337	351
337	352
337	355
337	357
337	360
337	386
337	397
338	7
338	23
338	89
338	90
338	199
338	293
338	302
339	5
339	11
339	22
339	24
339	37
339	44
339	45
339	55
339	61
339	75
339	76
339	77
339	78
339	91
339	97
339	98
339	104
339	106
339	111
339	119
339	123
339	148
339	159
339	167
339	169
339	174
339	178
339	184
339	185
339	196
339	200
339	201
339	252
339	259
339	268
339	298
339	303
339	305
339	310
339	314
339	322
339	324
339	331
339	332
339	340
339	382
339	391
340	37
340	56
340	76
340	174
340	196
340	268
340	339
341	24
341	96
341	136
341	187
341	197
341	219
341	248
341	266
341	267
341	276
341	287
341	318
341	320
341	372
342	76
342	126
342	172
342	204
342	211
342	262
342	302
343	69
343	93
343	240
343	250
343	263
343	308
343	321
343	337
343	360
343	397
344	1
344	21
344	28
344	34
344	52
344	60
344	82
344	85
344	87
344	88
344	92
344	112
344	124
344	141
344	143
344	148
344	153
344	158
344	164
344	166
344	190
344	194
344	200
344	207
344	213
344	227
344	229
344	238
344	239
344	241
344	281
344	288
344	290
344	336
344	358
344	371
344	384
344	389
344	393
344	396
345	6
345	7
345	26
345	103
345	172
345	211
345	246
345	302
345	334
345	368
345	392
346	4
346	35
346	233
346	236
346	240
346	305
346	321
346	392
347	233
347	236
347	244
347	255
347	260
347	305
347	306
347	319
347	321
348	25
348	29
348	58
348	107
348	137
348	154
348	191
348	195
348	202
348	238
348	243
348	249
348	264
348	279
348	363
348	365
348	366
348	392
348	395
349	20
349	79
349	95
349	118
349	125
349	224
349	361
350	2
350	36
350	57
350	93
350	104
350	189
350	250
350	265
350	272
350	275
350	308
350	311
350	318
350	337
350	351
350	355
350	367
350	397
351	93
351	147
351	250
351	318
351	337
351	350
351	360
351	395
352	2
352	36
352	230
352	250
352	312
352	337
352	360
352	392
353	23
353	49
353	64
353	68
353	87
353	252
353	260
353	263
353	308
353	394
354	236
354	255
354	289
354	321
354	329
354	372
354	392
354	398
355	93
355	250
355	318
355	325
355	337
355	350
355	360
356	23
356	53
356	64
356	75
356	87
356	252
356	255
356	260
356	261
356	263
356	380
356	394
357	33
357	93
357	250
357	300
357	311
357	337
357	360
358	1
358	19
358	21
358	32
358	52
358	60
358	85
358	88
358	92
358	112
358	124
358	134
358	141
358	166
358	174
358	190
358	194
358	200
358	207
358	210
358	213
358	221
358	227
358	229
358	239
358	241
358	269
358	281
358	288
358	290
358	336
358	344
358	366
358	371
358	384
358	389
359	58
359	67
359	96
359	147
359	186
359	187
359	219
359	248
359	287
359	296
359	313
359	320
359	372
359	380
359	385
359	399
360	2
360	29
360	36
360	93
360	140
360	147
360	151
360	174
360	192
360	223
360	240
360	250
360	257
360	265
360	271
360	272
360	275
360	300
360	337
360	343
360	351
360	352
360	355
360	357
360	378
360	386
360	390
360	397
361	17
361	30
361	122
361	135
361	153
361	270
361	273
361	284
361	291
361	309
361	349
361	378
362	23
362	25
362	44
362	64
362	252
362	319
362	394
363	23
363	64
363	73
363	87
363	96
363	115
363	128
363	192
363	246
363	252
363	260
363	263
363	307
363	348
363	394
364	10
364	19
364	38
364	63
364	94
364	117
364	122
364	138
364	139
364	159
364	219
364	222
364	226
364	234
364	247
364	252
364	260
364	274
364	278
364	295
364	299
364	317
364	322
364	330
364	380
364	394
364	398
365	15
365	29
365	97
365	154
365	171
365	173
365	195
365	334
365	348
365	366
366	15
366	29
366	137
366	202
366	238
366	264
366	296
366	348
366	358
366	365
366	371
366	387
367	161
367	209
367	214
367	233
367	244
367	255
367	289
367	321
367	350
368	7
368	49
368	70
368	99
368	103
368	172
368	183
368	193
368	199
368	211
368	216
368	230
368	245
368	293
368	302
368	330
368	335
368	345
368	396
369	33
369	35
369	40
369	44
369	62
369	110
369	129
369	130
369	170
369	205
369	283
370	19
370	38
370	55
370	63
370	122
370	139
370	234
371	1
371	21
371	28
371	37
371	52
371	60
371	85
371	88
371	112
371	124
371	141
371	166
371	194
371	200
371	207
371	213
371	227
371	239
371	241
371	281
371	288
371	302
371	322
371	330
371	336
371	344
371	358
371	366
371	384
371	389
371	400
372	11
372	43
372	58
372	96
372	108
372	133
372	136
372	147
372	168
372	187
372	219
372	242
372	248
372	254
372	258
372	266
372	276
372	287
372	301
372	320
372	341
372	354
372	359
372	385
373	12
373	29
373	32
373	137
373	154
373	180
373	195
373	238
373	387
373	388
374	100
374	119
374	155
374	251
374	258
374	280
374	297
374	376
375	104
375	189
375	233
375	236
375	244
375	255
375	280
375	305
375	316
375	321
376	49
376	50
376	64
376	87
376	260
376	263
376	319
376	374
376	394
377	13
377	39
377	59
377	66
377	70
377	72
377	181
377	210
377	212
377	269
378	20
378	30
378	68
378	95
378	118
378	121
378	135
378	151
378	162
378	255
378	282
378	286
378	333
378	360
378	361
379	2
379	23
379	64
379	241
379	252
379	260
379	319
379	394
380	10
380	18
380	19
380	38
380	63
380	94
380	117
380	122
380	138
380	157
380	159
380	167
380	222
380	226
380	234
380	260
380	274
380	299
380	317
380	320
380	321
380	322
380	356
380	359
380	364
380	398
381	27
381	68
381	110
381	130
381	170
381	205
381	283
382	37
382	76
382	91
382	98
382	174
382	268
382	319
382	321
382	339
383	31
383	32
383	50
383	91
383	100
383	119
383	164
383	198
383	258
383	271
383	285
384	41
384	141
384	142
384	158
384	194
384	200
384	344
384	358
384	371
384	389
385	2
385	96
385	147
385	219
385	266
385	287
385	359
385	372
386	11
386	93
386	170
386	223
386	240
386	250
386	257
386	265
386	308
386	337
386	360
387	15
387	29
387	107
387	137
387	138
387	154
387	173
387	195
387	224
387	238
387	279
387	366
387	373
388	15
388	137
388	154
388	165
388	173
388	180
388	195
388	196
388	213
388	228
388	238
388	249
388	256
388	373
388	395
389	1
389	21
389	88
389	112
389	141
389	166
389	190
389	194
389	200
389	207
389	239
389	250
389	270
389	280
389	331
389	344
389	358
389	371
389	384
390	35
390	129
390	130
390	170
390	196
390	215
390	283
390	327
390	360
391	23
391	29
391	40
391	49
391	64
391	73
391	83
391	87
391	113
391	128
391	131
391	145
391	152
391	182
391	192
391	224
391	252
391	260
391	263
391	319
391	339
391	394
392	99
392	163
392	189
392	233
392	236
392	244
392	255
392	289
392	294
392	305
392	306
392	316
392	321
392	329
392	345
392	346
392	348
392	352
392	354
393	17
393	141
393	194
393	200
393	207
393	213
393	229
393	239
393	344
394	3
394	16
394	23
394	24
394	31
394	49
394	53
394	58
394	62
394	64
394	71
394	73
394	87
394	109
394	115
394	124
394	128
394	131
394	144
394	145
394	160
394	174
394	175
394	176
394	182
394	184
394	192
394	193
394	202
394	237
394	240
394	246
394	252
394	260
394	261
394	263
394	319
394	325
394	328
394	353
394	356
394	362
394	363
394	364
394	376
394	379
394	391
394	399
395	29
395	64
395	137
395	154
395	180
395	195
395	279
395	304
395	348
395	351
395	388
396	112
396	166
396	194
396	200
396	239
396	344
396	368
397	2
397	36
397	71
397	93
397	206
397	240
397	250
397	308
397	337
397	343
397	350
397	360
398	18
398	19
398	38
398	63
398	139
398	159
398	222
398	247
398	254
398	274
398	290
398	295
398	297
398	299
398	322
398	354
398	364
398	380
399	23
399	64
399	184
399	192
399	260
399	263
399	359
399	394
400	13
400	39
400	59
400	70
400	80
400	84
400	96
400	105
400	130
400	212
400	217
400	243
400	256
400	371
